Simulation	MAF_DGRP_incl_mono	MAF_DPGP3_incl_mono	MAF_SA_incl_mono
1	0.262278206886792	0.146230221839623	0.154350534123223
2	0.256858789669811	0.157216403632075	0.150647778672986
3	0.259553336132075	0.157894031132075	0.171742619905213
4	0.237615057924528	0.167398335424528	0.167832390047393
5	0.239988014528302	0.167702652169811	0.169127858293839
6	0.260604788584906	0.156535511886792	0.166961936018957
7	0.236943607311321	0.172275719764151	0.178884527014218
8	0.250426575471698	0.154308053301887	0.175348125592417
9	0.250139950566038	0.178642934056604	0.174319553554502
10	0.246975501415094	0.157818408018868	0.151833296682464
11	0.236194863726415	0.170390846320755	0.154285700473934
12	0.238772240235849	0.173001389528302	0.176568247393365
13	0.245911688584906	0.148674214150943	0.146416836966825
14	0.228099427830189	0.171882252641509	0.160006806161137
15	0.262406658018868	0.163253603584906	0.157554633175355
16	0.245981972877358	0.153029010943396	0.164595611374408
17	0.240188164009434	0.167555268396226	0.167850906161137
18	0.243927429575472	0.169701206084906	0.156146355924171
19	0.243450417169811	0.161036335377358	0.168606815165877
20	0.240793198584906	0.169597406933962	0.174694419905213
21	0.25916598509434	0.171488842877358	0.157657836018957
22	0.246799054056604	0.168679607641509	0.172426261611374
23	0.230912620471698	0.141957717924528	0.145952885308057
24	0.237004233349057	0.156664383349057	0.143607401421801
25	0.24971079754717	0.16424010490566	0.16627620521327
26	0.255462056367925	0.166674477216981	0.156797714218009
27	0.25771755990566	0.18374687490566	0.158717783412322
28	0.248529957688679	0.154005696981132	0.167251739336493
29	0.251540395330189	0.147108223915094	0.142594687203791
30	0.230887448349057	0.149628232783019	0.157247075829384
31	0.228495295330189	0.159435789528302	0.168910267772512
32	0.235205108632075	0.172699756792453	0.167561470616114
33	0.242265829811321	0.152290205754717	0.157280141706161
34	0.244902081745283	0.167004888584906	0.164299966350711
35	0.244904506981132	0.155494319198113	0.178706863981043
36	0.243540343773585	0.157702274245283	0.142305323696682
37	0.273215051132075	0.164501464198113	0.155114506161137
38	0.233950062735849	0.144020067924528	0.168476835545024
39	0.253631054669811	0.171908233160377	0.157661634597156
40	0.250772528867925	0.174724209339623	0.162951035545024
41	0.25279065245283	0.170624704056604	0.158135190047393
42	0.258428248867925	0.159888683584906	0.16907848056872
43	0.252585157358491	0.159359697216981	0.150728195260664
44	0.24831017245283	0.177909579811321	0.163652654028436
45	0.250542273207547	0.144219759386792	0.17739956492891
46	0.241339119198113	0.159909344386792	0.135390439336493
47	0.242224589528302	0.179882124386792	0.174511082938389
48	0.235134494339623	0.150022229150943	0.154133790047393
49	0.26462205490566	0.161320202311321	0.162066333649289
50	0.240887683820755	0.155110021273585	0.169098461611374
51	0.243505139528302	0.17235147995283	0.166762767772512
52	0.237160692264151	0.1575132475	0.1591666492891
53	0.235726623254717	0.160664165707547	0.157449673933649
54	0.258457216132075	0.16251685009434	0.147564354028436
55	0.242208971745283	0.157657730990566	0.156679306635071
56	0.238652949245283	0.147483127358491	0.15981400521327
57	0.243769754009434	0.154324329292453	0.152241127014218
58	0.241125235471698	0.174101806367925	0.164632903791469
59	0.246467120377358	0.173734291650943	0.172922792417062
60	0.237019452075472	0.159392359339623	0.157905336018957
61	0.236942301415094	0.167740011132075	0.153965080094787
62	0.23515797254717	0.172516155660377	0.175458703317536
63	0.230452913537736	0.156135955283019	0.15744351563981
64	0.249351244481132	0.154122832924528	0.153015157345972
65	0.23357296740566	0.146086730990566	0.137541106635071
66	0.233725273726415	0.158210762264151	0.143726078199052
67	0.237762597641509	0.151170451509434	0.145425872985782
68	0.238117915990566	0.155010719245283	0.168253582938389
69	0.248144822311321	0.161696338962264	0.167937981042654
70	0.244952707169811	0.171297777971698	0.154992323222749
71	0.235459270471698	0.148050316084906	0.166224888625592
72	0.243577641886792	0.164223177877358	0.145281161137441
73	0.259486105283019	0.17241540259434	0.170191755450237
74	0.253658097311321	0.149934751839623	0.136921589099526
75	0.249105337028302	0.177277346179245	0.164606451184834
76	0.256203085754717	0.163595062877359	0.14892496492891
77	0.234803495471698	0.151210795849057	0.147709359241706
78	0.236000778301887	0.158419415660377	0.158858228436019
79	0.248133874716981	0.163221137641509	0.157641458767773
80	0.239354271650943	0.181025814858491	0.172121642180095
81	0.247839273113208	0.141152948537736	0.163106645023697
82	0.245965910754717	0.160580253254717	0.157942389099526
83	0.237000273584906	0.168355191320755	0.165981559241706
84	0.233661313726415	0.152309913113208	0.162204511848341
85	0.249517551839623	0.164185603726415	0.1430184507109
86	0.249314171320755	0.165364648066038	0.146190283412322
87	0.255575179575472	0.167707965660377	0.167048443601896
88	0.246252265518868	0.15787686240566	0.162554443127962
89	0.256121211462264	0.177885371981132	0.175044198104265
90	0.261781201320755	0.162208500943396	0.175470615165877
91	0.248413320613208	0.159264397641509	0.156803042654028
92	0.236697312924528	0.165924952311321	0.166646192890995
93	0.237125096273585	0.15995466	0.155507601895735
94	0.246572814858491	0.168113394481132	0.155690303317536
95	0.227431890377359	0.173992739009434	0.169701100473934
96	0.25529885009434	0.176551962924528	0.163075448815166
97	0.238607376037736	0.159883950566038	0.153250199052133
98	0.249366921462264	0.188746998254717	0.166081993364929
99	0.245888848113208	0.170216084811321	0.156440602843602
100	0.233663057169811	0.152000159339623	0.161157719905213
101	0.252316932688679	0.160161248396226	0.165518972037915
102	0.215897955707547	0.156206678490566	0.154975962559242
103	0.247976950801887	0.161826610141509	0.185095975829384
104	0.241594827028302	0.175087586698113	0.17760128056872
105	0.26109259	0.162948033584906	0.167305247867299
106	0.251506195896226	0.162829147169811	0.166921061137441
107	0.248426985283019	0.171154520754717	0.177359195734597
108	0.233886236933962	0.185822178160377	0.188316360663507
109	0.236359494669811	0.158962190141509	0.155428865876777
110	0.253024206462264	0.160105904245283	0.155879905687204
111	0.250866269009434	0.165619362075472	0.176634692417062
112	0.241419611839623	0.176942794716981	0.187504222274882
113	0.236334909339623	0.177932153773585	0.168348392890995
114	0.253631913537736	0.15554630254717	0.173482134597156
115	0.258352857075472	0.160372909575472	0.164488272985782
116	0.233656328396226	0.172028331698113	0.171714360189573
117	0.247497473396226	0.15789311254717	0.164942714691943
118	0.261370836320755	0.167160743066038	0.171384384834123
119	0.253920775424528	0.159813373443396	0.164789006161137
120	0.253055730707547	0.149413341084906	0.153417958767773
121	0.234458461179245	0.169128940471698	0.178267106161137
122	0.258203319150943	0.155013774386792	0.155901301895735
123	0.241633873820755	0.144717922735849	0.175752345971564
124	0.246074290377358	0.149845242122641	0.155561339810427
125	0.243477480990566	0.162346473396226	0.174999640758294
126	0.238404437122642	0.157492484386792	0.155472327014218
127	0.261485467924528	0.1730284075	0.157994152132701
128	0.226732223207547	0.167661599764151	0.172436862085308
129	0.244326751320755	0.168454521603774	0.167852625118483
130	0.246914714811321	0.148808888207547	0.158721567772512
131	0.253161406415094	0.166747512783019	0.161830296682464
132	0.228930065896226	0.161235223160377	0.154083404739336
133	0.248055651650943	0.160141884811321	0.148318256398104
134	0.266377140660377	0.158596109433962	0.157896761611374
135	0.241125986650943	0.163132821839623	0.153387260663507
136	0.24599011009434	0.190278659339623	0.164769701895735
137	0.238726060141509	0.162136070377358	0.161631652606635
138	0.234218473254717	0.165745015896226	0.160392254976303
139	0.245801236132075	0.159697963773585	0.144789082938389
140	0.232908522877358	0.153469323679245	0.152308767772512
141	0.239505310990566	0.142591278160377	0.160319218009479
142	0.253288688443396	0.160632952169811	0.160075585781991
143	0.243507222216981	0.173622724575472	0.169269361137441
144	0.247012541933962	0.175008150424528	0.165129213270142
145	0.238836538396226	0.173805817264151	0.155371258767773
146	0.24323115740566	0.169605220141509	0.151789289099526
147	0.261769190566038	0.172482880235849	0.153056417061611
148	0.234815344858491	0.150906261839623	0.168767967772512
149	0.234258399245283	0.151836477688679	0.14760688957346
150	0.245764635141509	0.163073211179245	0.164225348341232
151	0.257028618254717	0.173793409528302	0.172548291469194
152	0.245400989103774	0.172966044245283	0.175538312322275
153	0.243648306132075	0.163883573066038	0.162426998578199
154	0.241858962924528	0.165497763160377	0.16535341943128
155	0.247176128773585	0.166721662311321	0.172128558767772
156	0.241163791509434	0.16681939509434	0.144425020853081
157	0.226011528773585	0.162479072169811	0.172017396682464
158	0.238798152075472	0.162422219056604	0.165760284834123
159	0.251034285377359	0.173138706650943	0.164602863981043
160	0.231245524056604	0.154720612311321	0.160221247867299
161	0.248085876886792	0.165307935849057	0.146389499052133
162	0.238256473113208	0.169022586084906	0.148689163507109
163	0.249586674575472	0.167369643349057	0.157961925118483
164	0.225259597216981	0.160939326226415	0.159124250236967
165	0.255358060188679	0.156754049056604	0.175009590995261
166	0.252562009764151	0.149384435990566	0.144780598578199
167	0.24122383740566	0.152232940754717	0.164587383412322
168	0.245945540801887	0.155745802311321	0.144787997630332
169	0.241337494622642	0.177664347028302	0.167040066824645
170	0.245728516320755	0.170015664103774	0.1538348507109
171	0.250365302075472	0.170995691556604	0.154828235545024
172	0.24856361509434	0.19418452740566	0.168890650236967
173	0.239956220330189	0.161436018773585	0.169596963033175
174	0.252400541273585	0.179067252216981	0.168703169194313
175	0.257883827358491	0.151115742169811	0.14822949478673
176	0.229043961745283	0.183477128584906	0.153475447867299
177	0.250887610377359	0.173932799339623	0.172891306161137
178	0.230747010330189	0.138534679481132	0.141908009952607
179	0.260954194858491	0.1684793475	0.181783338388626
180	0.24466025	0.186399049716981	0.157107709004739
181	0.245796315754717	0.161131168679245	0.165306572985782
182	0.240513279339623	0.173199441509434	0.170973661611374
183	0.249349992358491	0.168940784339623	0.186084536492891
184	0.239582169245283	0.143412806886792	0.153416007109005
185	0.23865245009434	0.160328014339623	0.161798316587678
186	0.23599455254717	0.17212249259434	0.140458381516588
187	0.236038394764151	0.142323999764151	0.163898396682464
188	0.248661710707547	0.170453582641509	0.166549827014218
189	0.245646421179245	0.176080798396226	0.170665425592417
190	0.245704413537736	0.161224478915094	0.154258907582938
191	0.24051000995283	0.137324071273585	0.157748081042654
192	0.241329072830189	0.14857649745283	0.144254307109005
193	0.237999191179245	0.16844206245283	0.1635561492891
194	0.251919730188679	0.178033025566038	0.164059145023697
195	0.251703893349057	0.174173720518868	0.1725909507109
196	0.259338928773585	0.164365328820755	0.152936009004739
197	0.244918598820755	0.150672336698113	0.160938091469194
198	0.250701764716981	0.163244408396226	0.170186497156398
199	0.24151264	0.161629117311321	0.155344190995261
200	0.235659251415094	0.160109775801887	0.141166249763033
201	0.256169806886792	0.17555896990566	0.165775961137441
202	0.261445773254717	0.15665321995283	0.14687851943128
203	0.253188338349057	0.160351834764151	0.179158202369668
204	0.232769076415094	0.145094126415094	0.161029211848341
205	0.236731140566038	0.162932638018868	0.169929766350711
206	0.240452259103774	0.161459778962264	0.174986419905213
207	0.236714810990566	0.146739958396226	0.16583705450237
208	0.227457301650943	0.165679138207547	0.172895136492891
209	0.243952709669811	0.157975362216981	0.162600768720379
210	0.244654766320755	0.174033788349057	0.169136729383886
211	0.231397005990566	0.171268555896226	0.162779734123223
212	0.239003371886792	0.14582395504717	0.14364231042654
213	0.244112123396226	0.164208746603774	0.175490998578199
214	0.241004802783019	0.156181790943396	0.170499282464455
215	0.240003074386792	0.143430486556604	0.15981625971564
216	0.244687681132075	0.1639175975	0.171490141706161
217	0.250086457122641	0.176701948207547	0.169632787677725
218	0.227951261698113	0.150971713915094	0.163984227014218
219	0.249529491933962	0.174924319716981	0.182881557345972
220	0.245233019339623	0.164441106745283	0.155715330805687
221	0.230409118113208	0.159180863867925	0.151477158767773
222	0.253269225235849	0.182062422924528	0.160590736492891
223	0.241187093820755	0.142433320235849	0.152533853080569
224	0.248071797877359	0.164086013773585	0.168447356872038
225	0.241916560188679	0.16031586240566	0.190092766350711
226	0.250720217028302	0.176796701084906	0.16581552464455
227	0.224597407783019	0.15592898495283	0.156541621327014
228	0.233125174056604	0.163617899339623	0.164432923222749
229	0.249605837264151	0.16747924495283	0.174786548341232
230	0.243786334386792	0.154764474481132	0.14690881042654
231	0.246736993773585	0.170042640518868	0.165193289099526
232	0.255970511084906	0.174346115566038	0.164564409004739
233	0.245887584811321	0.151430156933962	0.166624919905213
234	0.242944536556604	0.155472139150943	0.170439398578199
235	0.247390797169811	0.170998756839623	0.170094268720379
236	0.243034519150943	0.157998442688679	0.15247598957346
237	0.235612316650943	0.164589543018868	0.173131373459716
238	0.250738180330189	0.151896566273585	0.139354608530806
239	0.249985490377358	0.160037928066038	0.16592970521327
240	0.243122338726415	0.156043919056604	0.153278634597156
241	0.238077428254717	0.162523538018868	0.170299837914692
242	0.253957885	0.152383451933962	0.148973467298578
243	0.232318588018868	0.165451915330189	0.161909024170616
244	0.237624714858491	0.149210011273585	0.168123501421801
245	0.259588496226415	0.16121055995283	0.154182065402844
246	0.228463514339623	0.153569974858491	0.154637434597156
247	0.253731210613208	0.157719721556604	0.157458409478673
248	0.251930940990566	0.171559714481132	0.173496741232227
249	0.25242533990566	0.153677368254717	0.133217608530806
250	0.243160638207547	0.157480175849057	0.152751197156398
251	0.256498141415094	0.153820309764151	0.152523123696682
252	0.249423036933962	0.167650517877358	0.162777523696682
253	0.245285473207547	0.170705696745283	0.153745046919431
254	0.241562451320755	0.169212293915094	0.184850801421801
255	0.236561656886792	0.168590400707547	0.162134145971564
256	0.236859403301887	0.143386434528302	0.169153971563981
257	0.226293357877358	0.159445431792453	0.153395317535545
258	0.235261455235849	0.156579549245283	0.162160783886256
259	0.249844662688679	0.159639700518868	0.157211567772512
260	0.247110593537736	0.162584558537736	0.180522026066351
261	0.246449311320755	0.153621252971698	0.157917562085308
262	0.245398963820755	0.146609782830189	0.168162112322275
263	0.230416308679245	0.17010526754717	0.146810593364929
264	0.261504195330189	0.169092543537736	0.167701167772512
265	0.250172492783019	0.16833703	0.168058923222749
266	0.246753778160377	0.154036968584906	0.150043572511848
267	0.255349622783019	0.165688763113208	0.161678307582938
268	0.243955132688679	0.187890397641509	0.171566641232227
269	0.236961922358491	0.162545695660377	0.153934433649289
270	0.248120476839623	0.160688829009434	0.167074685781991
271	0.237373631273585	0.166614479481132	0.153012242654028
272	0.240662165330189	0.175293706179245	0.177994483412322
273	0.232952383632075	0.167566019292453	0.165985162559242
274	0.239543302641509	0.152608409481132	0.155503106161137
275	0.240553976792453	0.154706639339623	0.161253875829384
276	0.229907584575472	0.155025187924528	0.166764692417062
277	0.223002248254717	0.166373678301887	0.179324564454976
278	0.249353158349057	0.168762330801887	0.149860955450237
279	0.248792234103774	0.159169223066038	0.147337206161137
280	0.250677846981132	0.170974604716981	0.164708706635071
281	0.253469551650943	0.165831655801887	0.156074818009479
282	0.244243320471698	0.173277684811321	0.176097726066351
283	0.244409816273585	0.159063254198113	0.174233200947867
284	0.252547553113208	0.163353419150943	0.170125698104265
285	0.245651118820755	0.160824614764151	0.176619736492891
286	0.230027493537736	0.155267933820755	0.149317541232227
287	0.235948979339623	0.148657319858491	0.167508351184834
288	0.239461256556604	0.157563152264151	0.151996966350711
289	0.270763463018868	0.169328113207547	0.157484796682464
290	0.240661447924528	0.163442219858491	0.158559562559242
291	0.247995578726415	0.177997483160377	0.163187918957346
292	0.246325256084906	0.172741589481132	0.174597761137441
293	0.247996373018868	0.16198049740566	0.158079236018957
294	0.256488620849057	0.16981958004717	0.158085203791469
295	0.239918820330189	0.167614631886792	0.186143893838863
296	0.256490668018868	0.164735082924528	0.165415366824645
297	0.251905453962264	0.184645609764151	0.156826390521327
298	0.250255744339623	0.168895270471698	0.157426666824645
299	0.240488866273585	0.171812711933962	0.152449151184834
300	0.247297695235849	0.164792310377359	0.165153378672986
301	0.256495077264151	0.176706189056604	0.179126182464455
302	0.243516099858491	0.145989607264151	0.149784298104265
303	0.232797960141509	0.142132381745283	0.145220513744076
304	0.257464524622642	0.15847044745283	0.156009195734597
305	0.237963558301887	0.153462894056604	0.172578855450237
306	0.234133381415094	0.160455177075472	0.153522516587678
307	0.241778084103774	0.155700124103774	0.159060109004739
308	0.257674103349057	0.159143758584906	0.150985104739336
309	0.242500729245283	0.15102925009434	0.16113733507109
310	0.247667046367925	0.186070371415094	0.152135663981043
311	0.241032587830189	0.169349230377358	0.171683646445498
312	0.241572203679245	0.16884160009434	0.161688482938389
313	0.238089324811321	0.159701596603774	0.165776272037915
314	0.246158316226415	0.175540242688679	0.171276822748815
315	0.229117695141509	0.166534547877358	0.153266309004739
316	0.237535051745283	0.15270913245283	0.171029961137441
317	0.247040855801887	0.159347827924528	0.17157138056872
318	0.240221749575472	0.17774532504717	0.149737669668246
319	0.260413557735849	0.170850312169811	0.172730036492891
320	0.261720666933962	0.166967722028302	0.169676545971564
321	0.242708152169811	0.165428423207547	0.156101298104265
322	0.232447587971698	0.163599484575472	0.173189638862559
323	0.253219426084906	0.174290126084906	0.173179284834123
324	0.237982979103774	0.164710158726415	0.158510266824645
325	0.243534900188679	0.155144865849057	0.140755484834123
326	0.228135339764151	0.171979903915094	0.173413181042654
327	0.257762123915094	0.166677300235849	0.1580823507109
328	0.236673751320755	0.165538603915094	0.153665574407583
329	0.267487556509434	0.149131624433962	0.151053863033175
330	0.257061913349057	0.169711238443396	0.158529027962085
331	0.228637960613208	0.151745663254717	0.164120765402844
332	0.250954110518868	0.166346544528302	0.164032666824645
333	0.243845098396226	0.167100026981132	0.172232554028436
334	0.240321398018868	0.154564436415094	0.152561516113744
335	0.265841913773585	0.158455463113208	0.155364470616114
336	0.250231773915094	0.160625410660377	0.176445786255924
337	0.237953659481132	0.157597553443396	0.156772936018957
338	0.242825659198113	0.164332159481132	0.151483290521327
339	0.253242757028302	0.165917178349057	0.155629366824645
340	0.247556798396226	0.165203779575472	0.171491260663507
341	0.242784272311321	0.183075961745283	0.170434413744076
342	0.237324655283019	0.181627483820755	0.142749489099526
343	0.24311004490566	0.178366449669811	0.173381892417062
344	0.23423025490566	0.156123854528302	0.150996888625592
345	0.243448740849057	0.17051218490566	0.159414528436019
346	0.24484269740566	0.168815337075472	0.160076532227488
347	0.241770364716981	0.155005514622642	0.155042038388626
348	0.242121148820755	0.155726657075472	0.163595486255924
349	0.243797940849057	0.173759086273585	0.15112202985782
350	0.234983458349057	0.166442879433962	0.160660998104265
351	0.247220076603774	0.15100225754717	0.159265304265403
352	0.236985149245283	0.1837896275	0.173639006161137
353	0.259162420566038	0.173113404575472	0.164573562085308
354	0.251340150471698	0.164612351132075	0.16760792464455
355	0.249702664811321	0.151738765943396	0.156093803317536
356	0.245696898066038	0.152718751603774	0.159809487677725
357	0.23661048259434	0.160068981179245	0.151911121327014
358	0.241738715613208	0.163205923301887	0.164539045023697
359	0.24671415995283	0.171971185660377	0.164346979146919
360	0.244630849009434	0.157579385377358	0.165407014691943
361	0.22663762490566	0.177860833113208	0.158442363981043
362	0.239859528490566	0.157559223679245	0.156497029383886
363	0.246495507264151	0.153632375188679	0.143788168720379
364	0.238287721320755	0.162975219481132	0.173145424170616
365	0.26471127004717	0.177721940235849	0.176693411848341
366	0.224602161556604	0.167783524386792	0.160392544549763
367	0.241636017830189	0.146040758066038	0.141631810900474
368	0.239006947830189	0.165405267122642	0.165606010900474
369	0.231207031886792	0.152392251273585	0.159904510900474
370	0.256348163207547	0.146455425990566	0.158127663981043
371	0.237268250518868	0.171991363820755	0.151564833175355
372	0.235997185141509	0.160009151745283	0.147199518009479
373	0.246512305849057	0.148897642358491	0.159482204265403
374	0.223448759339623	0.153203689386792	0.151443459241706
375	0.255958233820755	0.170155409198113	0.176608512322275
376	0.244786008490566	0.159565978301887	0.158137639810427
377	0.247728911179245	0.169636248490566	0.172856765876777
378	0.237909501509434	0.168454673443396	0.15552473507109
379	0.241779844622642	0.161843473773585	0.162182771090047
380	0.256142769811321	0.171000691462264	0.160076427488152
381	0.240219157830189	0.159955129245283	0.164999436492891
382	0.259459972358491	0.172159228537736	0.182126695260663
383	0.257068746650943	0.15549541509434	0.157684018483412
384	0.226316247971698	0.156092209292453	0.149113242654028
385	0.242346017169811	0.166508170235849	0.162619309952607
386	0.249437210707547	0.16790690990566	0.148441025592417
387	0.247231799764151	0.149348781037736	0.168864978199052
388	0.257126181745283	0.163293235849057	0.1557813507109
389	0.240179986886792	0.167131492877358	0.16381155971564
390	0.241174064575472	0.156825403679245	0.153945212322275
391	0.246526306556604	0.172499365660377	0.175380467298578
392	0.248209318396226	0.130802165424528	0.164034173933649
393	0.24531135995283	0.152551475141509	0.153758272037915
394	0.244148348490566	0.167230634764151	0.158819885781991
395	0.250712274245283	0.150180870188679	0.15394507535545
396	0.253291753679245	0.178663957311321	0.174131974881517
397	0.24592453740566	0.178068984575472	0.163952813744076
398	0.230043100188679	0.156368921981132	0.145381406635071
399	0.248282317216981	0.156427668066038	0.173445567772512
400	0.239814295424528	0.160627107122641	0.176094397156398
401	0.25713849759434	0.159530418490566	0.164149306161137
402	0.247695790141509	0.166328318301887	0.165628192417062
403	0.234263479103774	0.162586354339623	0.156570769194313
404	0.228077359575472	0.163159092169811	0.170810230331754
405	0.231853402075472	0.158128307358491	0.155898618957346
406	0.2524194125	0.181851917641509	0.160870779146919
407	0.250731265801887	0.16990612254717	0.147948602369668
408	0.23277184259434	0.152094572169811	0.145153060189573
409	0.258299751226415	0.149490878349057	0.152849626066351
410	0.254529496839623	0.154374578066038	0.163913023696682
411	0.238184433962264	0.186786275377358	0.175069443127962
412	0.253449265801887	0.151225681886792	0.169948504739336
413	0.256021309245283	0.146781011132075	0.155097970616114
414	0.239516719103774	0.174639021933962	0.16710788957346
415	0.241607536981132	0.180927426981132	0.184538629383886
416	0.240119918726415	0.160369967735849	0.160610608056872
417	0.263841087311321	0.162939283726415	0.164170687677725
418	0.24259750995283	0.151750597830189	0.165822380094787
419	0.243421198726415	0.168078063018868	0.163081366350711
420	0.250114119245283	0.174975561792453	0.135973741232227
421	0.245852714009434	0.170284467311321	0.146699694312796
422	0.241268702169811	0.155408770235849	0.161191885781991
423	0.24923458745283	0.175038603773585	0.16403385971564
424	0.235905489433962	0.156240523820755	0.15075009478673
425	0.255479521132075	0.156607239811321	0.146656707109005
426	0.256476986415094	0.145110350660377	0.164851587677725
427	0.260593043254717	0.161135076509434	0.162332416113744
428	0.252639915566038	0.180456155896226	0.166904781516588
429	0.231320921839623	0.169322092877358	0.160251602369668
430	0.247259642641509	0.172351382971698	0.166327616587678
431	0.271884540801887	0.159884708726415	0.169704763033175
432	0.255550946509434	0.165516367122642	0.167069132701422
433	0.245042175188679	0.149253343584906	0.166829676777251
434	0.241335048726415	0.160277087122642	0.168499533175355
435	0.238719330188679	0.157269155188679	0.172394759241706
436	0.22376517759434	0.170663108490566	0.177834048341232
437	0.243218233584906	0.158495264150943	0.162658687203791
438	0.242704168867925	0.155221639056604	0.153685583412322
439	0.248704616179245	0.163479798066038	0.170814298104265
440	0.241673689245283	0.152108685	0.170361189099526
441	0.245846032075472	0.174561431792453	0.169931988151659
442	0.23496935745283	0.162090069858491	0.157189625118483
443	0.233439933962264	0.151722909575472	0.151801851658768
444	0.241044795235849	0.155382345424528	0.172190090047393
445	0.246578029245283	0.179837851084906	0.173025546919431
446	0.255259350377358	0.145669880283019	0.164495327014218
447	0.232164193867925	0.146955147264151	0.141983526066351
448	0.23893849245283	0.161796543537736	0.161778601895735
449	0.246932182924528	0.14283274754717	0.151344798104265
450	0.222393956650943	0.171317055801887	0.171078547393365
451	0.236865736650943	0.155208220377358	0.157759799052133
452	0.233183329669811	0.154551879386792	0.158324496208531
453	0.253994920283019	0.155718216792453	0.146165713270142
454	0.232386329528302	0.150225212264151	0.136976018483412
455	0.240129318490566	0.148274556698113	0.166360981990521
456	0.235697660377358	0.163828320141509	0.177495538388626
457	0.218134974764151	0.149211516603774	0.178918144549763
458	0.237889099622642	0.162882802830189	0.156374312322275
459	0.240542288773585	0.140101565990566	0.150379829383886
460	0.244728555	0.156933355613208	0.182777222274882
461	0.249357614764151	0.157252467075472	0.153418940758294
462	0.255005015613208	0.152710323160377	0.140075036492891
463	0.229065699858491	0.147604480943396	0.163296155924171
464	0.238675431509434	0.161413273443396	0.167486090521327
465	0.255991633820755	0.167743581981132	0.15228903507109
466	0.240559486933962	0.166477007688679	0.167918584834123
467	0.241535280849057	0.168390171698113	0.156736681042654
468	0.243940763254717	0.163079655566038	0.156147428436019
469	0.243966994433962	0.174687611273585	0.167386654976303
470	0.266085179198113	0.165915706650943	0.163004725592417
471	0.24945842995283	0.161818087688679	0.165107427962085
472	0.254685469433962	0.157519810896226	0.165288035545024
473	0.268447006839623	0.171176827735849	0.162945437914692
474	0.247687064103774	0.175381685188679	0.145953627962085
475	0.248318933726415	0.183736428867925	0.167889127962085
476	0.232593319245283	0.163403012783019	0.1536751
477	0.235741824481132	0.156671638301887	0.160696071563981
478	0.225721618867925	0.155886755754717	0.147617247867299
479	0.239530260141509	0.154913637830189	0.163274298104265
480	0.241215732075472	0.178801997641509	0.1737232
481	0.24329096240566	0.160796043349057	0.147874399052133
482	0.241270314150943	0.161319862028302	0.152811147393365
483	0.230706396509434	0.153154811226415	0.163486540758294
484	0.24921349990566	0.158287481462264	0.159781327962085
485	0.265377598160377	0.181260918867925	0.16122724549763
486	0.231034447311321	0.151794161745283	0.164356441706161
487	0.224620116933962	0.156388684103774	0.155944357819905
488	0.239421374669811	0.168848605330189	0.1712327507109
489	0.245041467924528	0.15089167254717	0.167445556398104
490	0.239781958207547	0.148532644103774	0.161364363507109
491	0.24150290490566	0.134882821320755	0.1345473
492	0.249292167877359	0.156297977169811	0.15833328056872
493	0.240217011839623	0.165972133443396	0.160694927962085
494	0.237499650283019	0.141655583632075	0.154584836966825
495	0.250640247311321	0.163501350141509	0.172618255450237
496	0.254730015141509	0.170039471792453	0.173654902843602
497	0.24408870254717	0.16438963509434	0.157678383412322
498	0.253599347169811	0.166379203254717	0.180813332701422
499	0.257009561084906	0.175820950141509	0.161131117061611
500	0.253670626886792	0.158228467264151	0.147953906161137
501	0.235825304150943	0.159843812028302	0.159937379146919
502	0.254506523443396	0.167039956698113	0.159511845971564
503	0.248450532358491	0.171186135566038	0.163992695260664
504	0.226544862971698	0.15726027245283	0.156077781042654
505	0.254435632641509	0.165586641084906	0.152310036018957
506	0.249328273443396	0.150179486132075	0.149872977251185
507	0.249537370896226	0.16705699995283	0.157105827488152
508	0.235610748773585	0.157846553207547	0.182990132227488
509	0.246158906650943	0.135233291933962	0.165799539336493
510	0.239454575188679	0.168066099811321	0.160954433175355
511	0.247615243349057	0.155296775283019	0.167535873933649
512	0.236059105141509	0.174671252971698	0.176852714691943
513	0.252232767735849	0.164004287216981	0.164629473933649
514	0.237828840896226	0.170639277830189	0.169408299526066
515	0.231057291367925	0.145744229009434	0.163138485781991
516	0.230096113537736	0.152530986981132	0.154649906161137
517	0.251171773018868	0.171322519858491	0.163675209952607
518	0.251355450707547	0.169917045518868	0.183240892417062
519	0.25387074495283	0.161184541745283	0.151215524170616
520	0.235317739811321	0.167506472877358	0.160944793838863
521	0.249081937075472	0.168576806367925	0.146057378199052
522	0.23520273504717	0.156344311792453	0.181872788625592
523	0.246160583396226	0.175232276367925	0.177521521327014
524	0.246181348301887	0.158254574433962	0.180377530805687
525	0.24719267990566	0.172815636839623	0.160684382938389
526	0.237124050141509	0.145588466981132	0.156262792890995
527	0.240483446462264	0.18592267490566	0.167108511374408
528	0.263841789056604	0.156767979481132	0.167812830805687
529	0.240043552216981	0.151154192641509	0.160425865876777
530	0.226635133915094	0.1691403775	0.163985513744076
531	0.261038914481132	0.162173810283019	0.155022978672986
532	0.249615011839623	0.187409461132075	0.180375922274882
533	0.250667812264151	0.161072434481132	0.153473795734597
534	0.239981384339623	0.167302933160377	0.156429828909953
535	0.246626080566038	0.164434220990566	0.158948519905213
536	0.221334502877358	0.169069406132075	0.160250163981043
537	0.240086965283019	0.160958825990566	0.15644949478673
538	0.23433667	0.164037856745283	0.163706465402844
539	0.249197982641509	0.169852243443396	0.169835070616114
540	0.244277585566038	0.164494363301887	0.160714890995261
541	0.245155214528302	0.179108136556604	0.141022195260664
542	0.24202959240566	0.153306323820755	0.152656409478673
543	0.252665013066038	0.134391519669811	0.163689798578199
544	0.254125490471698	0.159864371650943	0.16973075450237
545	0.267973578113208	0.168661455990566	0.168820486729858
546	0.250943910424528	0.181507155424528	0.172291836492891
547	0.247364367971698	0.147147881084906	0.150544246919431
548	0.232956410424528	0.156366507971698	0.157888577725118
549	0.24779063259434	0.163928321509434	0.152001641232227
550	0.257745933160377	0.17957718495283	0.165228578199052
551	0.237473645896226	0.166065105566038	0.171325621800948
552	0.248900468915094	0.172468104009434	0.170353399526066
553	0.246549627877358	0.165460645566038	0.146304751658768
554	0.244279964198113	0.170867125754717	0.164688262559242
555	0.245592070188679	0.173239121792453	0.159532147867299
556	0.240759353396226	0.166735597641509	0.160086227488152
557	0.221905338820755	0.161017645	0.155165479620853
558	0.236492716650943	0.15286739004717	0.151267848815166
559	0.25766047740566	0.154025649009434	0.136260547867299
560	0.243662004811321	0.155303442971698	0.170103245023697
561	0.234469120990566	0.147626991132075	0.152487891469194
562	0.235200628962264	0.168687280707547	0.154124102369668
563	0.243863315	0.171321718254717	0.172120822748815
564	0.25781026754717	0.162680073867925	0.187486408530806
565	0.229021244575472	0.176388898113208	0.173450585308057
566	0.258282619245283	0.17002900245283	0.153861643601896
567	0.243068877830189	0.165482791462264	0.145651339336493
568	0.26825537504717	0.160807238349057	0.178580716113744
569	0.240127509433962	0.16480312745283	0.148995410900474
570	0.249554210896226	0.167492375660377	0.164812260189573
571	0.235644987830189	0.157877868962264	0.1448749492891
572	0.250313152358491	0.157036796650943	0.159404541232227
573	0.252564142075472	0.153700922688679	0.141265427488152
574	0.239692606037736	0.171425108301887	0.181645517061611
575	0.259646979811321	0.155060058349057	0.154267123222749
576	0.232829753726415	0.173637623867925	0.163366502369668
577	0.237716691981132	0.179260405	0.166080120853081
578	0.245488447877358	0.167784443301887	0.164560512322275
579	0.248830107641509	0.1662994925	0.168888372511848
580	0.238492938537736	0.167277744716981	0.150749239810427
581	0.247802509528302	0.184284127264151	0.161493669194313
582	0.227853028726415	0.164535148490566	0.152079141706161
583	0.232126218396226	0.144871880330189	0.157696888151659
584	0.242170062169811	0.17330164995283	0.164893353554502
585	0.247706176792453	0.179945526084906	0.159532082464455
586	0.24635776504717	0.159966806084906	0.174232
587	0.246854941367925	0.167357972783019	0.169520888151659
588	0.230687874764151	0.150782924198113	0.151683836018957
589	0.260407816981132	0.162753690613208	0.155393789099526
590	0.227570608113208	0.154328825990566	0.156040258767773
591	0.224277633773585	0.161238290566038	0.156956287203791
592	0.231047008113208	0.161642191462264	0.145660803317536
593	0.245427025283019	0.161458096886792	0.146237396208531
594	0.239696094056604	0.165229396084906	0.154064550236967
595	0.251064843396226	0.163322268443396	0.147842306161137
596	0.257804197830189	0.180643375896226	0.165601648815166
597	0.247142332264151	0.16159238245283	0.159681305687204
598	0.249043804481132	0.168380989858491	0.154369354028436
599	0.235844123679245	0.165152870188679	0.167185964454976
600	0.250101125849057	0.165868759433962	0.161717997630332
601	0.24975178240566	0.170452049811321	0.166343568720379
602	0.247853052924528	0.152913855235849	0.160978746445498
603	0.2553674	0.163285517075472	0.160006231279621
604	0.221892832688679	0.167941509150943	0.168252234597156
605	0.248138945613208	0.154842282122642	0.160706339336493
606	0.228377331839623	0.16797449990566	0.172311781042654
607	0.235087898867925	0.173665886556604	0.169897162559242
608	0.237896785613208	0.165736943113208	0.155421156872038
609	0.231980483018868	0.163003325943396	0.152141776303318
610	0.235534743679245	0.182534600754717	0.1664852507109
611	0.233144196367925	0.163083409103774	0.158114199526066
612	0.238177525707547	0.15806335009434	0.170746021800948
613	0.252079898254717	0.161270510141509	0.154941663507109
614	0.246627942122641	0.148526296037736	0.146470727962085
615	0.240432970330189	0.16310854254717	0.167565620379147
616	0.240115260660377	0.181657498679245	0.173719320853081
617	0.264367899339623	0.145190647924528	0.164532334123223
618	0.252160253726415	0.156936098301887	0.154543116587678
619	0.261719171367925	0.168826532688679	0.168668913270142
620	0.248505188396226	0.17205583240566	0.141063048341232
621	0.237259473490566	0.170368266839623	0.171015503317536
622	0.26151173509434	0.172445476320755	0.159922383886256
623	0.234231431179245	0.155746633490566	0.163718161137441
624	0.245733371179245	0.158513207264151	0.167424461137441
625	0.245499900188679	0.170445887641509	0.165955139810427
626	0.241979214481132	0.161485146509434	0.160393275829384
627	0.244743925943396	0.163791746415094	0.143349220853081
628	0.233282949198113	0.158486677830189	0.172745958293839
629	0.243911917169811	0.166860151650943	0.172738095734597
630	0.246615536933962	0.171120396037736	0.158635164454976
631	0.240996377075472	0.155545571462264	0.156711048815166
632	0.240539748820755	0.140901933867925	0.158538287203791
633	0.234221385377358	0.156151697075472	0.152966467772512
634	0.238707548773585	0.174224177311321	0.175096458767773
635	0.241140088443396	0.155783873207547	0.159346449763033
636	0.271315015660377	0.170114961415094	0.171895757819905
637	0.24109825495283	0.165715809386792	0.163269084834123
638	0.249371362216981	0.177327704245283	0.181842770616114
639	0.234054779386792	0.16199460245283	0.181040512796209
640	0.25122515754717	0.158795992735849	0.158677811848341
641	0.245744577028302	0.149457869103774	0.159542120853081
642	0.229228804150943	0.160103512264151	0.176249621800948
643	0.243602856509434	0.166891055330189	0.15744037014218
644	0.247147888207547	0.153391794245283	0.160860743601896
645	0.255688753537736	0.155197317358491	0.145948460663507
646	0.280325121556604	0.166075150235849	0.182767886729858
647	0.240188165990566	0.150158693584906	0.160089144075829
648	0.245236127169811	0.16398828004717	0.161591221327014
649	0.218643674339623	0.141455477169811	0.147830262085308
650	0.247420732028302	0.152018008537736	0.150365027488152
651	0.237499575283019	0.170759811603774	0.165730382464455
652	0.234489440141509	0.148756275943396	0.154251334123223
653	0.235578948254717	0.161046188867925	0.139857752606635
654	0.242335921037736	0.158760119433962	0.16492803507109
655	0.244716335141509	0.175243880801887	0.170019038388626
656	0.259767649764151	0.164552321037736	0.1588484507109
657	0.246809930660377	0.162459243773585	0.160121060663507
658	0.234675698443396	0.177169391367925	0.184572823222749
659	0.24881552009434	0.168206033867925	0.165636138388626
660	0.244162021886792	0.182838721886792	0.159112331279621
661	0.237156315141509	0.15531426240566	0.156737001421801
662	0.238219066981132	0.172142963301887	0.163807227962085
663	0.243422356462264	0.160978550283019	0.15964792464455
664	0.24121152	0.173094403726415	0.169093818483412
665	0.226836974009434	0.168635922216981	0.171062963981043
666	0.241144491933962	0.167221818679245	0.165622986729858
667	0.240588292169811	0.169744435	0.163560464454976
668	0.248790959198113	0.171129472830189	0.16114162985782
669	0.243994821698113	0.163516351320755	0.180950709004739
670	0.240781886556604	0.163455260801887	0.155009305687204
671	0.245607616556604	0.155496144056604	0.136006908056872
672	0.257019901792453	0.165096930518868	0.14826541042654
673	0.255587521084906	0.166502871933962	0.158659230805687
674	0.223487217877358	0.149198393301887	0.141649979620853
675	0.244800374198113	0.169180975471698	0.166697727962085
676	0.243037425990566	0.160608818726415	0.142584781516588
677	0.249020652641509	0.161011056745283	0.153357492417062
678	0.244500773773585	0.169555438254717	0.158318142180095
679	0.244524122641509	0.165631582264151	0.154455397156398
680	0.245446181839623	0.157043801745283	0.174176577725118
681	0.250979451367925	0.166349350235849	0.162763128436019
682	0.245254842122642	0.162102436226415	0.145185716587678
683	0.24947741009434	0.173050717877358	0.167512947867299
684	0.240374050613208	0.156123250330189	0.159509953080569
685	0.220579025990566	0.166770296084906	0.153600727962085
686	0.245225416179245	0.168978443349057	0.162876391469194
687	0.257271311462264	0.142832477169811	0.122970407109005
688	0.24314901004717	0.15817932490566	0.174522843601896
689	0.238646094716981	0.164552005801887	0.157344999052133
690	0.233035403773585	0.166312720754717	0.168038313270142
691	0.254457540235849	0.15464065240566	0.147730455924171
692	0.246523293160377	0.170252755990566	0.169313454028436
693	0.25446958245283	0.166348938113208	0.153760096682464
694	0.22621586990566	0.155050182971698	0.171713848815166
695	0.233443745896226	0.167530789150943	0.159641323696682
696	0.249919301462264	0.17785309245283	0.159406867298578
697	0.244640882075472	0.166426263396226	0.165834618957346
698	0.237567282783019	0.169155144669811	0.163576988151659
699	0.249463635801887	0.157785242358491	0.151646066824645
700	0.2340610675	0.15814668759434	0.179471102843602
701	0.257614642122642	0.171171169386792	0.165339669194313
702	0.264782705801887	0.195280709528302	0.175919126540284
703	0.265426783396226	0.170064203726415	0.17531697535545
704	0.257009451792453	0.155573898773585	0.160083114691943
705	0.256561631367925	0.164049409716981	0.175512979620853
706	0.246280079198113	0.159791973490566	0.150794433649289
707	0.245018400283019	0.152043703207547	0.148768146445498
708	0.227499664103774	0.173957284386792	0.166864285308057
709	0.239478265990566	0.167914458584906	0.130009642180095
710	0.260567690424528	0.173008708867925	0.134794727014218
711	0.237678341226415	0.159311990754717	0.159653647393365
712	0.235061424528302	0.151375983915094	0.166676669194313
713	0.235955947877358	0.153566607169811	0.161717072037915
714	0.248723613443396	0.1521711575	0.149963573459716
715	0.252898513396226	0.173374604150943	0.160113297630332
716	0.242426783679245	0.16838265740566	0.165539731279621
717	0.244183700801887	0.154252930518868	0.159883903791469
718	0.246707815801887	0.172480452924528	0.171746114691943
719	0.234204788820755	0.158717897216981	0.143736918483412
720	0.2436571125	0.150494683820755	0.156026960663507
721	0.237579428679245	0.167298545943396	0.168553859241706
722	0.248940947641509	0.159342672641509	0.164848161137441
723	0.245560679669811	0.148996856509434	0.149460388625592
724	0.256002829622641	0.161730810707547	0.163445775829384
725	0.249370254198113	0.160701660566038	0.165937593838863
726	0.245053847924528	0.16687271490566	0.162938333175355
727	0.254398354386792	0.152094968915094	0.161268190521327
728	0.240894287877359	0.157779458443396	0.166589998578199
729	0.248753761745283	0.157433228160377	0.166481156398104
730	0.238905638443396	0.183759175235849	0.168399273459716
731	0.246654239481132	0.171237892311321	0.161812368720379
732	0.232690824103774	0.15219867754717	0.167561578199052
733	0.236848285518868	0.166955711933962	0.162556373459716
734	0.246559922311321	0.170903758254717	0.178981701895735
735	0.240726568018868	0.187218975849057	0.173025013270142
736	0.232020814386792	0.161636712877358	0.176755038862559
737	0.249011326556604	0.146596151556604	0.152601700473934
738	0.242003369056604	0.179425159386792	0.180891388151659
739	0.228026756556604	0.153188973490566	0.167501116113744
740	0.251939379245283	0.165344463915094	0.161445402369668
741	0.247976416084906	0.156519127264151	0.168855946445498
742	0.252546174198113	0.143873949245283	0.153413235545024
743	0.247885133537736	0.146800337877358	0.154264631753555
744	0.252981583443396	0.163025381792453	0.167202851658768
745	0.234222754528302	0.158029288349057	0.159393645023697
746	0.235775525707547	0.163842401792453	0.164340482464455
747	0.244220177264151	0.155723767311321	0.174055716113744
748	0.229308233632075	0.156160961745283	0.169546903791469
749	0.239098003113208	0.165235171839623	0.154425
750	0.243776824811321	0.175179854386792	0.175887666824645
751	0.235793921792453	0.164477967358491	0.16781795971564
752	0.242203375754717	0.160733824669811	0.176483499526066
753	0.244463410896226	0.142716698066038	0.17404002464455
754	0.249630135613208	0.150526158066038	0.157814866824645
755	0.258221629386792	0.155891425613208	0.157049903791469
756	0.248240451792453	0.169839374669811	0.173352969194313
757	0.260811953301887	0.156783369716981	0.1649187492891
758	0.228296852688679	0.163437898443396	0.159184340758294
759	0.22640038509434	0.169995856509434	0.152528596208531
760	0.238189204669811	0.159084929811321	0.163385533649289
761	0.261333234245283	0.18040915754717	0.166385473933649
762	0.236566319433962	0.192823449481132	0.181259588151659
763	0.241636094811321	0.162069962924528	0.149533441232227
764	0.244420783254717	0.160665830377358	0.155596644075829
765	0.239339850896226	0.16534936004717	0.154405046919431
766	0.246124506179245	0.1571670325	0.146178642654028
767	0.220245624575472	0.15261715245283	0.15100261563981
768	0.246759947028302	0.178168760801887	0.172716611374408
769	0.240711742075472	0.176289815141509	0.165950081516588
770	0.233585149433962	0.17044820509434	0.158670501895735
771	0.240312968773585	0.145807346273585	0.153603158293839
772	0.243190320377358	0.146328365849057	0.158832674881517
773	0.263083915	0.162895059811321	0.175908572511848
774	0.247280244528302	0.181414696179245	0.175533045023697
775	0.247946653301887	0.181377297641509	0.170812493364929
776	0.232484767641509	0.168959612264151	0.173412387677725
777	0.242995128867925	0.16454962509434	0.15227214549763
778	0.255986492216981	0.163752232688679	0.152605654028436
779	0.25887870259434	0.173606578396226	0.165947218483412
780	0.238832042075472	0.162473231792453	0.15027291563981
781	0.231654571745283	0.17685226254717	0.15665103507109
782	0.222016397735849	0.14467057754717	0.163114745023697
783	0.249356328962264	0.164641019150943	0.171561461611374
784	0.230551940283019	0.149091572311321	0.140639747867299
785	0.238880541037736	0.156579039528302	0.170333555924171
786	0.243310153443396	0.163143286462264	0.182105847393365
787	0.246031779669811	0.177206724103774	0.161186992417062
788	0.239189184669811	0.156074280377358	0.162522842180095
789	0.234438932641509	0.149841648679245	0.16604908957346
790	0.244569121084906	0.153193515660377	0.152738916113744
791	0.248966684339623	0.157074039622642	0.174761685781991
792	0.248779161886792	0.159103705754717	0.159486026540284
793	0.255807710330189	0.16599501754717	0.153941768246446
794	0.236105877971698	0.183054814150943	0.17580595450237
795	0.248972589858491	0.152931506556604	0.158806706161137
796	0.228773608490566	0.159467321792453	0.158984759241706
797	0.229866470660377	0.161341371415094	0.169054109478673
798	0.241440378726415	0.18126877245283	0.152512914691943
799	0.260823872122642	0.170896101084906	0.163188306635071
800	0.253982197641509	0.146433293254717	0.167634433649289
801	0.245385240141509	0.167040281603774	0.17239317535545
802	0.25475559745283	0.16122689759434	0.184530602843602
803	0.222890715141509	0.151860169716981	0.135216220379147
804	0.253913208537736	0.170798329528302	0.155417374407583
805	0.245751952028302	0.169228039528302	0.171920418009479
806	0.238471237924528	0.161208410188679	0.171715500473934
807	0.270550295754717	0.170475587028302	0.175051304739336
808	0.232701192122642	0.164006839386792	0.162954443127962
809	0.219878100707547	0.140071826509434	0.139149374407583
810	0.257470642075472	0.159535562830189	0.163623597156398
811	0.253906047971698	0.162767469292453	0.155475128436019
812	0.237789754245283	0.173810733537736	0.169446449763033
813	0.250648946886792	0.178798163537736	0.155066413744076
814	0.237779162641509	0.162259908490566	0.159706839336493
815	0.229116832735849	0.150247439339623	0.143288969668246
816	0.242395648160377	0.154683031226415	0.14122235971564
817	0.24208658509434	0.13838293004717	0.147448590521327
818	0.240143213301887	0.168360358962264	0.166882485308057
819	0.241406339528302	0.160055269811321	0.149113683886256
820	0.250916002877358	0.171404860801887	0.155212993364929
821	0.263070468726415	0.173019811462264	0.169879764454976
822	0.231110710613208	0.168730561320755	0.150481845023697
823	0.247307237264151	0.165028996132075	0.153991419905213
824	0.251476461226415	0.170096019858491	0.153804548341232
825	0.256590051745283	0.164492187028302	0.138588164454976
826	0.26357762245283	0.172419306792453	0.170957016587678
827	0.234115872971698	0.144466411367925	0.15731847535545
828	0.26196722504717	0.145523178301887	0.170263560189573
829	0.232191118301887	0.158932436603774	0.172179690047393
830	0.244635352358491	0.15867369004717	0.141905554976303
831	0.247812708349057	0.17326045509434	0.184198171563981
832	0.246102758349057	0.156933281179245	0.158122048341232
833	0.249364835849057	0.168817439764151	0.156719500947867
834	0.252893211839623	0.16330114754717	0.16489650521327
835	0.239153024150943	0.151537954481132	0.165080732701422
836	0.249220712924528	0.172235330377358	0.186851085781991
837	0.242538498160377	0.184415275	0.172117000473934
838	0.250181581839623	0.159966395566038	0.162737381990521
839	0.244814186556604	0.153856894858491	0.163673554976303
840	0.242573810471698	0.165320140188679	0.164677185781991
841	0.239076074433962	0.150798582358491	0.154107893838863
842	0.241810366650943	0.162864334669811	0.175284532701422
843	0.240878434198113	0.174141097122642	0.139723145023697
844	0.238166595754717	0.149494810613208	0.149723270616114
845	0.228448487264151	0.151464673160377	0.130177490521327
846	0.23212734495283	0.156922898490566	0.153157574407583
847	0.235613151132075	0.168648486179245	0.17301960521327
848	0.245408308160377	0.162774458679245	0.170843109952607
849	0.249265396179245	0.159828117971698	0.16357265450237
850	0.234804738726415	0.161060778537736	0.162651194312796
851	0.254414569716981	0.163959476367925	0.155002016587678
852	0.253766002971698	0.180054196886792	0.174204022748815
853	0.244848927924528	0.156748795	0.155779667298578
854	0.214302389811321	0.146819535141509	0.15985511943128
855	0.243345901367925	0.15869664509434	0.180154211374408
856	0.250318139339623	0.153505777830189	0.162308597156398
857	0.2392848675	0.158698305566038	0.175803563507109
858	0.234475978915094	0.162759538584906	0.147360773459716
859	0.23541866495283	0.157110498584906	0.171071488151659
860	0.261422599245283	0.161693593867925	0.163605863507109
861	0.251507992216981	0.170726556273585	0.161864531753555
862	0.212195586320755	0.166232639858491	0.153626376303318
863	0.259893814056604	0.165127007971698	0.170856951658768
864	0.242859048679245	0.167402105235849	0.150842067772512
865	0.241111388726415	0.155690650990566	0.139782591943128
866	0.250169261226415	0.177392760990566	0.158671052132701
867	0.235161638018868	0.168493777169811	0.16712234549763
868	0.250810814528302	0.165154274528302	0.163137493364929
869	0.243540530188679	0.183149056792453	0.174807138862559
870	0.257696248066038	0.17739851509434	0.168564391469194
871	0.255846279433962	0.154817967264151	0.16405141563981
872	0.223556946556604	0.139660587264151	0.14869570521327
873	0.249670260188679	0.151902160188679	0.146374650236967
874	0.240254492122642	0.143096690943396	0.142414104739336
875	0.242893409150943	0.15317361990566	0.150123445971564
876	0.232084986745283	0.158348543207547	0.156048232701422
877	0.238828384858491	0.162050791745283	0.166071461611374
878	0.268427372358491	0.18173755745283	0.182787961137441
879	0.245110986084906	0.172193431367925	0.161547160663507
880	0.243809975518868	0.17167807004717	0.176083896208531
881	0.249424495330189	0.167348789339623	0.162470339336493
882	0.238385105141509	0.164356801273585	0.16888698957346
883	0.248751826933962	0.148830788773585	0.162921847393365
884	0.252190474858491	0.166491596415094	0.154126761611374
885	0.271843634716981	0.168636918584906	0.139820804265403
886	0.235963789669811	0.161657138632075	0.166824892417062
887	0.254139005896226	0.152824469245283	0.143637935545024
888	0.244175263254717	0.145049515754717	0.150112469194313
889	0.240574428915094	0.151592530283019	0.16449087535545
890	0.262772349009434	0.161868428773585	0.159992781516588
891	0.237907058301887	0.172462638679245	0.159941180094787
892	0.262736648066038	0.155648631320755	0.169302334123223
893	0.231122973867925	0.156361719245283	0.160094112796209
894	0.254420730235849	0.171770317311321	0.151630146445498
895	0.24536945009434	0.163216796462264	0.153928436966825
896	0.242557687311321	0.150317715188679	0.142891503791469
897	0.227778424386792	0.158349435	0.148175964454976
898	0.248039438396226	0.171945527830189	0.152613611374408
899	0.251311550235849	0.175344314811321	0.181455789099526
900	0.235261867264151	0.145655701509434	0.149829228909953
901	0.250413902075472	0.173208210283019	0.163202474881517
902	0.253493216650943	0.166579032358491	0.151275330805687
903	0.245457723584906	0.169785442311321	0.153900953554502
904	0.240659179009434	0.160694155707547	0.159734447393365
905	0.231532031650943	0.151070247169811	0.140838654028436
906	0.227897871839623	0.159984179481132	0.168702242180095
907	0.265711809103774	0.172522972075472	0.17417288957346
908	0.250010145330189	0.149299816132075	0.148672653080569
909	0.248141725896226	0.150080781226415	0.170686263507109
910	0.252519626509434	0.165116938443396	0.146454556398104
911	0.264787763396226	0.153358017877359	0.182205546445498
912	0.244141228490566	0.1772251775	0.170472360189573
913	0.237635436179245	0.175264675283019	0.169009452606635
914	0.249889658632075	0.177258669103774	0.176441481990521
915	0.246505193160377	0.148561606933962	0.155853908530806
916	0.235688163820755	0.156266224292453	0.160763925592417
917	0.257260618396226	0.169650366603774	0.178042754976303
918	0.255750040754717	0.171306397264151	0.166278946919431
919	0.248821908301887	0.155676809716981	0.173010418483412
920	0.266845643962264	0.148740609056604	0.158539163033175
921	0.241314442216981	0.139244502924528	0.179469086255924
922	0.250524041320755	0.171704673207547	0.191943485781991
923	0.233481468160377	0.154634282358491	0.16277176492891
924	0.234150244339623	0.160930225141509	0.175682356398104
925	0.240352380566038	0.140155442877358	0.1572697492891
926	0.245388943443396	0.182414289528302	0.170863337440758
927	0.240426986037736	0.171182513537736	0.168367563033175
928	0.245177648207547	0.154384133537736	0.169225922274882
929	0.246227243254717	0.154194686698113	0.175525008056872
930	0.229322937783019	0.148863879669811	0.156913603791469
931	0.239338238113208	0.155714861698113	0.162888263033175
932	0.246238729481132	0.165148546886792	0.154730593838863
933	0.246681045283019	0.166306812735849	0.149068501421801
934	0.255985741886792	0.153191330471698	0.167249216113744
935	0.226103199858491	0.168746995377358	0.161044022274882
936	0.235823274669811	0.159520051320755	0.148489497630332
937	0.233177359433962	0.168971651037736	0.180027142180095
938	0.245937710566038	0.165849008066038	0.162234609478673
939	0.242432360518868	0.148742828396226	0.142019974881517
940	0.254679969386792	0.173662458066038	0.14944621042654
941	0.223237456320755	0.157819599009434	0.14258440521327
942	0.224811295235849	0.161193242358491	0.138827654976303
943	0.250441579009434	0.165970499811321	0.150728439810427
944	0.246913512028302	0.167288900707547	0.174230902843602
945	0.237297638773585	0.167159431462264	0.156625465402844
946	0.254667771415094	0.162571165330189	0.151091988625592
947	0.249763575	0.166390224150943	0.172975270616114
948	0.26534022995283	0.155414928915094	0.154744251184834
949	0.242467923396226	0.169991874009434	0.170035103791469
950	0.254774239292453	0.168081018820755	0.174212527014218
951	0.243912140613208	0.150032549433962	0.158480086729858
952	0.248014015990566	0.147708122924528	0.168196561137441
953	0.243766543254717	0.166165093254717	0.15284724549763
954	0.242538872971698	0.157771703820755	0.142299705687204
955	0.256544410566038	0.159843139811321	0.153044916587678
956	0.230115862358491	0.158694976933962	0.167780551184834
957	0.255359102169811	0.150091633301887	0.153369986255924
958	0.246372960330189	0.172283388066038	0.155693691469194
959	0.234220454103774	0.162677678301887	0.16482136492891
960	0.246471824528302	0.137434345188679	0.149134661611374
961	0.239383315660377	0.168583243018868	0.155063304739336
962	0.251803649056604	0.169172088962264	0.153855189099526
963	0.258354403584906	0.146842664811321	0.149197859241706
964	0.274172088113208	0.170140779528302	0.155823777725118
965	0.226161966179245	0.161334906698113	0.156888002843602
966	0.249796621981132	0.171096163632075	0.151135607582938
967	0.225674694103774	0.174731366603774	0.149050763033175
968	0.256580879386792	0.178949368207547	0.163561818009479
969	0.238901486320755	0.14895974240566	0.148124781990521
970	0.26707168004717	0.166921030377359	0.168829159241706
971	0.2316160675	0.161532109150943	0.174685512322275
972	0.24697823254717	0.146538294622642	0.145916148815166
973	0.254830165235849	0.153372817169811	0.155793641706161
974	0.242199771084906	0.176112604056604	0.164118238388626
975	0.243919644339623	0.155669335188679	0.149172692890995
976	0.257052644198113	0.160623347924528	0.167543689099526
977	0.228671965754717	0.169350093679245	0.171071436492891
978	0.232215320849057	0.154541668018868	0.176733995734597
979	0.243904563773585	0.16083354254717	0.161987251184834
980	0.234320956792453	0.169628950801887	0.15802231943128
981	0.250577358301887	0.169637457075472	0.173692335545024
982	0.246545812877358	0.157847576415094	0.160350739810427
983	0.235293094669811	0.152095033915094	0.152331828436019
984	0.243469657688679	0.159923293207547	0.165249999526066
985	0.251731880188679	0.180391652358491	0.166133461611374
986	0.235419744575472	0.181588975471698	0.160814735545024
987	0.241080014811321	0.16960135	0.156702534123223
988	0.238126000377358	0.151048736320755	0.155276717535545
989	0.223615754669811	0.152387744433962	0.151433839810427
990	0.265753775707547	0.168253775566038	0.167666646445498
991	0.245248716273585	0.169340336132075	0.174067209478673
992	0.260455556698113	0.158872134716981	0.153365476777251
993	0.237939778254717	0.166937115283019	0.169440788151659
994	0.247805954103774	0.158368666698113	0.171859351658768
995	0.26133853	0.160358386273585	0.148489245971564
996	0.248161888867925	0.16349826004717	0.159801296208531
997	0.262128890849057	0.175511862122641	0.145979333649289
998	0.240446575896226	0.156252797169811	0.157215043127962
999	0.259394358207547	0.173140781603774	0.165198434597156
1000	0.251729993018868	0.164242326839623	0.167570228909953
Antagonistic	0.248583466756757	0.18305271	0.190791848148148
