V1	V2	PC1	PC2	PC3	PC4	PC5	PC6	PC7	PC8	PC9	PC10	PC11	PC12	PC13	PC14	PC15	PC16	PC17	PC18	PC19	PC20	pop
H001	H001	0.046428	0.065041	0.057911	0.087953	0.042969	0.004463	-0.090031	0.012314	-0.074967	0.073903	0.135079	0.000107	-0.124601	-0.087547	0.027242	0.028752	0.106086	-0.099127	0.13933	0.010672	LHM
H002	H002	0.051907	0.10659	0.110966	0.075086	0.041895	0.045187	0.021839	-0.147232	0.066039	-0.07097	0.009307	0.061667	-0.008452	0.113632	-0.074079	0.004863	-0.064257	-0.075152	-0.061772	0.085124	LHM
H003	H003	0.048887	-0.001924	-0.031165	-0.117791	0.077547	-0.012457	-0.027611	-0.195962	-0.041729	-0.124675	-0.00893	-0.012604	-8.1e-05	-0.083919	0.02811	0.075573	-0.062836	0.045941	-0.068663	-0.019237	LHM
H004	H004	0.055589	-0.07011	0.116206	0.051568	-0.049362	0.0371	0.016171	0.0409	-0.058516	-0.005609	-0.016836	-0.011832	0.047957	-0.039305	0.015526	0.007162	0.009019	0.032767	0.077209	-0.045482	LHM
H005	H005	0.051408	0.076628	0.105845	0.036122	0.06711	-0.103685	-0.093784	0.034882	-0.015637	-0.021945	-0.047828	-0.005541	0.159851	-0.141068	0.037493	0.003606	0.07482	0.004834	0.079312	-0.07729	LHM
H006	H006	0.047944	0.074288	-0.000684	-0.07547	0.072784	0.11512	-0.014775	-0.069167	0.12143	0.030923	-0.046045	-0.010136	0.045845	0.055746	-0.006107	0.043983	-0.030099	-0.029971	0.072048	0.029366	LHM
H007	H007	0.052829	0.017118	0.123364	0.068661	0.050049	-0.055534	0.018479	-0.132555	-0.007806	-0.162625	-0.008983	0.047024	-0.086107	0.106716	-0.104881	0.062748	-0.070592	-0.128712	-0.041298	-0.015332	LHM
H008	H008	0.05014	0.067291	-0.010473	0.01644	-0.081767	0.036438	-0.145191	0.023083	-0.078179	-0.043641	-0.018609	-0.028968	-0.077475	0.142008	-0.040595	0.004649	-0.101297	0.02738	0.005711	0.036264	LHM
H009	H009	0.048275	0.103911	0.075289	0.060835	0.044285	0.082957	-0.018509	-0.086902	0.05977	0.091028	-0.022966	0.061292	0.001021	0.00175	-0.013489	-0.049508	0.013457	-0.024484	0.1107	-0.037888	LHM
H010	H010	0.061134	-0.095094	0.030798	-0.038841	-0.162244	-0.004582	-0.02296	0.031095	0.044273	0.020425	-0.038594	-0.030112	-0.016213	0.068471	-0.017946	-0.047858	-0.119875	0.071447	0.013163	-0.023707	LHM
H011	H011	0.046417	0.007847	-0.052391	-0.115943	0.057576	-0.021613	0.046855	-0.02125	-0.077105	-0.029903	0.001299	0.027177	0.041121	-0.007381	-0.01302	0.113488	0.035736	-0.064715	-0.027403	0.027861	LHM
H013	H013	0.050887	-0.134165	-0.098698	0.086664	-0.027036	0.015121	0.014913	0.113661	0.088919	-0.117514	0.020944	0.053618	0.009981	-0.096	-0.021675	0.058386	-0.01814	0.044258	0.03469	0.053699	LHM
H014	H014	0.040837	0.007234	-0.016096	-0.063971	0.031249	-0.014226	0.0613	-0.009748	0.090657	-0.028686	0.01342	-0.168992	-0.040827	0.008519	0.030026	-0.037108	0.042188	0.029406	0.073049	-0.154888	LHM
H017	H017	0.053057	-0.106882	0.011751	-0.112022	0.03921	0.072834	-0.0154	-0.013129	0.036359	0.028906	0.026931	-0.040489	0.043861	-0.030146	0.035138	-0.017965	-0.019367	0.009076	-0.022349	0.133092	LHM
H018	H018	0.056425	-0.083723	0.023382	-0.043351	-0.175507	-0.022525	-0.036476	0.009872	0.064554	0.015977	-0.062388	-0.003112	-0.014926	0.012895	0.012472	0.030703	-0.002874	0.001425	-0.025879	0.004983	LHM
H019	H019	0.056197	-0.060071	-0.084313	0.054054	0.008253	-0.090605	0.050086	-0.057863	0.115722	-0.171393	-0.011738	-0.003281	-0.065956	0.008967	-0.081793	-0.160709	-0.093487	0.057541	0.125274	0.04173	LHM
H020	H020	0.046617	-0.014309	-0.121377	0.078428	0.026748	0.029307	-0.083818	0.111361	0.001365	-0.092826	0.161055	0.111446	-0.018043	-0.088318	-0.004481	0.138495	0.010595	-0.057791	-0.07291	0.086342	LHM
H021	H021	0.045664	0.046483	-0.096387	0.054901	0.010301	0.002506	0.103213	0.064356	0.058777	0.096695	-0.128454	0.022065	-0.039251	0.0258	0.058458	0.26696	-0.020045	0.060384	0.102802	-0.006108	LHM
H022	H022	0.047657	-0.110433	0.044405	-0.06369	-0.010296	-0.026454	0.043913	-0.036027	0.121312	0.091228	0.105729	0.063832	-0.081517	0.055845	0.009375	-0.005709	0.029593	0.00977	-0.109229	-0.170701	LHM
H023	H023	0.041835	-0.053378	0.102303	0.065657	0.023354	0.031655	-0.031032	-0.064156	-0.033017	0.103164	0.012517	0.02226	-0.04605	-0.02845	0.004708	-0.076711	0.087696	-0.050798	0.137432	-0.017751	LHM
H024	H024	0.058238	-0.075913	0.139624	0.088598	-0.034083	-0.039362	0.055898	0.071064	-0.00395	-0.001058	-0.060337	-0.044052	0.007766	-0.043155	0.096556	0.199542	-0.045663	0.116627	-0.013445	-0.021097	LHM
H025	H025	0.053239	0.008956	-0.006912	-0.128078	0.112442	-0.058111	-0.081414	0.05104	0.078598	-0.082805	-0.064796	-0.150684	0.043778	-0.080564	0.042786	-0.000226	0.037042	-0.047339	-0.021155	-0.014286	LHM
H026	H026	0.052666	0.052189	-0.01973	-0.08216	0.065411	0.056393	0.13038	0.048637	-0.048536	0.043586	-0.018526	-0.038581	-0.090602	-0.031479	0.034441	-0.035783	0.022633	-0.026977	-0.0948	-0.028821	LHM
H027	H027	0.045128	-0.01445	-0.156234	0.049205	0.010645	-0.164946	0.084503	-0.123528	-0.139295	0.056145	0.089809	-0.011515	0.128532	0.09356	-0.024916	0.046943	-0.040505	0.026151	0.03666	-0.061159	LHM
H028	H028	0.054615	-0.082339	0.029717	-0.068341	-0.059179	0.026596	0.111202	-0.028474	0.056069	0.07918	0.111694	-0.036777	-0.129199	0.08691	-0.034255	-0.02052	0.062565	-0.03979	0.09361	-0.156661	LHM
H029	H029	-0.0119	0.008638	-0.009416	0.009314	0.02558	-0.049926	0.029943	-0.004079	-0.04517	0.076816	0.069764	-0.066328	0.116979	0.104789	0.024289	0.038381	0.003983	0.027331	0.078983	0.004341	LHM
H030	H030	0.048696	-0.007259	-0.101211	0.01386	0.046917	-0.088544	-0.022761	0.107647	0.129989	-0.084343	-0.063376	-0.059822	0.07139	-0.084089	0.000183	-0.041197	0.030538	-0.042353	-0.042563	-0.025804	LHM
H031	H031	0.044028	0.051371	0.083064	0.10009	0.04532	-0.017471	-0.04771	0.043566	-0.031644	-0.019379	0.183339	-0.001515	-0.022694	-0.02886	0.012426	0.079635	0.026203	-0.087592	-0.029774	0.090012	LHM
H032	H032	0.045981	0.040086	-0.031996	-0.093243	0.069031	0.053056	0.121484	0.015696	-0.054208	0.061723	0.033646	-0.048692	-0.077417	-0.086586	0.058784	-0.057659	-0.001764	0.067886	0.015494	0.086589	LHM
H033	H033	0.055592	-0.090459	0.014125	-0.09326	0.048271	0.083372	-0.048765	-0.115155	-0.003246	-0.060717	-0.024913	-0.024212	-0.009085	-0.069012	0.048284	0.071869	-0.042338	0.053023	-0.043717	-0.008733	LHM
H036	H036	0.048141	0.104861	-0.030606	-0.027736	-0.134751	0.046756	-0.047485	-0.07477	0.051965	0.044424	0.018457	0.089055	0.144994	-0.01702	0.004591	0.051946	-0.038723	0.044999	-0.075062	0.01797	LHM
H037	H037	0.037505	-0.003599	-0.016275	-0.105961	0.089086	-0.055732	0.006283	-0.097492	-0.022291	-0.105186	-0.029198	-0.115069	-0.007429	-0.046846	0.032778	0.022402	0.007291	-0.037318	-0.011975	0.007633	LHM
H041	H041	0.044807	0.008736	-0.062869	-0.142375	0.050571	-0.054458	0.079653	-0.092261	-0.17108	0.006089	0.035594	0.044891	-0.077062	-0.135833	0.039371	-0.070892	-0.039202	0.133466	-0.109863	0.053616	LHM
H043	H043	0.043187	-0.022001	-0.017312	-0.152822	0.080767	-0.057757	0.005935	0.083852	0.041181	0.04392	-0.027216	0.108368	0.046052	0.027065	-0.054573	0.054025	0.010283	-0.059801	-0.009616	-0.021503	LHM
H044	H044	0.047875	-0.145628	-0.062262	0.079632	0.032393	-0.01966	-0.028554	0.018486	0.04249	0.117812	0.018445	0.128011	-0.046927	-0.021923	0.03754	-0.062934	-0.030305	0.04936	-0.169222	-0.138578	LHM
H045	H045	0.05165	-0.100774	0.012055	-0.079792	0.023755	0.11225	-0.01564	-0.013583	-0.06371	0.031698	0.009557	0.045149	-0.033746	-0.045621	0.03937	-0.014485	-0.021213	0.06595	0.009442	0.093831	LHM
H046	H046	0.048114	-0.039163	-0.12019	0.062569	0.039372	-0.074021	-0.058601	-0.142685	-0.046436	0.016178	-0.073495	0.075359	-0.033038	-0.096944	0.01334	-0.011187	0.021096	0.005952	-0.022548	-0.03057	LHM
H047	H047	0.054019	-0.104477	-0.045079	0.033284	-0.015312	-0.021894	0.007529	0.041865	0.034466	0.062832	-0.018209	-0.024778	0.067381	0.041599	-0.00851	0.036519	0.043552	-0.081271	-0.010832	-0.079238	LHM
H048	H048	0.052438	-0.084224	0.035962	-0.10771	0.050836	0.078298	-0.022525	0.007789	-0.012021	0.028817	0.024033	0.008885	0.033579	0.030888	-0.007693	0.044099	0.004005	-0.054768	0.056108	0.095387	LHM
H049	H049	0.04946	-0.012061	-0.074605	-0.015573	0.015896	-0.104315	0.085886	-0.102249	-0.00235	-0.048397	0.115655	-0.013763	-0.048536	0.025596	-0.033759	0.005515	0.002272	-0.084338	-0.057719	-0.002149	LHM
H051	H051	0.051284	0.093952	0.085124	0.088921	0.03761	0.026546	-0.019477	-0.012443	0.066623	0.012554	0.039248	-0.078214	0.049268	-0.022306	0.047682	-0.017958	-0.047491	0.030859	-0.046891	0.048548	LHM
H052	H052	0.049084	-0.014877	-0.149061	0.053194	0.021967	-0.171976	0.081376	-0.109002	-0.147176	0.05941	0.113877	-0.055204	0.167911	0.099238	-0.024122	0.053941	-0.035641	-0.001198	0.058566	-0.061844	LHM
H053	H053	0.045273	-0.002175	-0.110736	0.057414	0.013009	-0.065648	-0.078019	-0.034571	0.013629	-0.010599	0.003042	0.130027	0.110176	-0.010277	-0.011857	0.029429	-0.011963	0.042869	-0.034962	-0.066148	LHM
H055	H055	0.049272	0.041567	-0.03664	-0.067744	-0.158861	-0.092364	0.013976	-0.111015	-0.076251	-0.012714	-0.000927	0.040329	-0.05414	-0.032231	-0.01539	-0.017209	-0.008291	0.008914	-0.011426	0.028968	LHM
H056	H056	0.042006	0.080575	-0.026046	-0.051833	-0.030912	0.063854	0.048984	-0.08956	0.189664	0.117	0.093453	0.015287	-0.039735	0.038387	-0.00501	-0.033006	0.015134	0.008798	0.096037	-0.036789	LHM
H057	H057	0.050585	-0.074694	0.032515	-0.011868	-0.018301	0.063594	-0.032	0.035891	-0.038685	-0.135296	0.045848	0.046991	0.013338	-0.011198	-0.032925	0.014042	0.008809	0.061214	0.089678	-0.131327	LHM
H058	H058	0.042896	0.033703	0.100604	0.031769	0.078755	-0.143058	-0.091936	0.06877	-0.018923	0.147907	-0.089364	0.09261	-0.028027	0.005975	-0.030247	-0.083054	0.051146	-0.032747	0.076408	0.016837	LHM
H059	H059	0.04679	0.072777	0.010201	0.054163	0.072814	0.046389	0.054796	-0.027881	0.016636	0.018482	-0.03282	0.018322	0.044835	0.033274	-0.012223	0.020696	-0.001292	0.008366	0.0441	-0.078138	LHM
H060	H060	0.051794	0.093592	-0.011102	-0.002983	-0.120795	0.03487	0.033159	0.021325	-0.037236	-0.006037	-0.211192	0.032384	-0.091696	0.004017	0.021883	0.164944	0.014714	-0.014318	0.057209	0.01754	LHM
H061	H061	0.036415	-0.015882	-0.147432	0.05364	0.022891	-0.193939	0.086173	-0.133395	-0.147732	0.093317	0.112883	-0.063073	0.180516	0.144561	-0.014512	0.049757	-0.032081	0.029378	0.072738	-0.042843	LHM
H062	H062	0.0448	0.060791	-0.019301	-0.013992	-0.107779	0.015929	-0.106265	0.017702	0.017738	0.04244	0.108691	-0.061996	-0.008523	0.079135	0.014313	-0.003169	0.006385	-0.001452	-0.007213	-0.069813	LHM
H063	H063	0.052362	0.023926	-0.042408	-0.056032	-0.074011	-0.041926	0.000484	0.038365	0.02414	-0.027597	0.072389	-0.079071	-0.004614	-0.017953	0.002568	-0.004007	0.076304	-0.098241	-0.038492	-0.020072	LHM
H064	H064	0.049725	0.079636	-0.020384	-0.072476	0.054312	0.092212	0.03015	0.006606	0.014767	0.132622	0.039995	-0.052302	0.052784	0.000853	0.049238	-0.052751	-0.024258	0.043719	-0.043187	0.067226	LHM
H065	H065	0.048218	-0.010806	0.005389	-0.105333	0.045254	-0.020213	-0.031716	0.040065	0.017949	-0.070357	-0.000316	0.088661	-0.045259	-0.037477	-0.007558	0.043846	-0.03343	0.04535	-0.01364	-0.035265	LHM
H066	H066	0.050541	0.039541	0.002649	-0.093157	0.144205	-0.075748	-0.050633	0.072604	-0.012544	-0.011707	-0.048756	-0.18716	0.161207	0.023709	0.045077	0.055877	0.011233	8.6e-05	0.009128	-0.027518	LHM
H067	H067	0.053928	-0.106124	0.045421	-0.025684	0.019049	0.098236	-0.022819	0.020569	-0.070455	-0.057077	-0.001086	0.07783	0.066556	-0.020342	-0.013314	-0.00147	0.00282	0.030176	0.015994	0.003382	LHM
H068	H068	0.051438	0.027371	-0.033987	-0.05042	-0.105438	-0.139	0.001261	-0.073421	-0.103219	0.006669	-0.033722	-0.057988	0.056945	0.036054	-0.002901	0.011582	-0.027513	-0.074963	-0.011675	0.068237	LHM
H072	H072	0.054615	0.004941	-0.057105	-0.147682	0.068594	-0.054208	0.028258	-0.07689	-0.173892	0.020424	0.03696	0.071646	-0.093019	-0.153805	0.054245	-0.056705	-0.026301	0.135818	-0.10796	0.041729	LHM
H073	H073	0.049112	0.073036	0.009272	0.03148	0.003262	-0.010827	0.085483	0.008356	0.056238	-0.092035	-0.005361	-0.188213	-0.034597	0.054741	0.001779	-0.019836	0.109303	-0.151327	-0.162532	-0.023959	LHM
H075	H075	0.043725	-0.012613	-0.01693	-0.106805	0.08998	-0.038304	-0.014189	-0.067219	-0.049382	-0.009109	-0.051744	-0.084703	0.018758	-0.040943	0.058973	0.071758	0.033556	-0.016738	-0.065506	-0.04426	LHM
H076	H076	0.055261	-0.059921	0.018284	-0.014031	-0.139635	0.062803	-0.024178	-0.030221	0.053418	0.05694	0.042222	-0.110896	0.085782	0.021188	0.006665	-0.165753	0.083349	-0.076669	0.009021	0.012451	LHM
H078	H078	0.045868	0.107636	0.090446	0.070706	0.026956	0.060556	-0.003285	-0.097438	0.022292	-0.041074	-0.003827	0.05806	0.138427	-0.005249	-0.006192	0.045216	-0.00539	0.025666	-0.031419	-0.032165	LHM
H079	H079	0.044484	0.063939	-0.010356	-0.017614	-0.10001	-0.006851	0.020034	0.038317	0.071032	0.070283	0.046698	-0.134052	0.076923	0.026279	0.003461	-0.136752	0.095649	-0.090281	0.011037	0.050085	LHM
H080	H080	0.05604	-0.062599	0.008518	-0.017532	-0.126787	0.00317	-0.02127	-0.015539	-0.041437	0.061292	-0.004891	-0.058668	0.076415	0.057944	0.013601	0.000225	-0.022213	-0.03236	-0.042295	0.142069	LHM
H081	H081	0.054113	-0.059466	0.117799	0.066802	0.028273	0.027559	0.044194	-0.030289	-0.071503	-0.022236	0.06364	0.008984	-0.032231	0.050474	-0.046538	0.043512	0.047397	-0.108838	0.060158	-0.015495	LHM
H082	H082	0.049237	0.018204	0.122359	0.061296	0.046102	-0.043637	0.016071	-0.122947	0.002033	-0.169814	-0.007476	0.049118	-0.096378	0.099315	-0.106201	0.042435	-0.059046	-0.124441	-0.015102	-0.026312	LHM
H083	H083	0.054659	-0.090036	-0.076442	0.104605	0.010652	0.066949	-0.05473	-0.066331	0.030323	0.088612	-0.066439	-0.0347	-0.019107	-0.01878	0.012884	-0.073476	0.034008	0.020967	0.089725	-0.086063	LHM
H084	H084	0.048035	0.030508	-0.110097	0.097298	0.062847	0.005814	-0.123074	0.004626	-0.003772	0.059842	-0.008688	-0.11845	-0.072416	0.036138	-0.002771	-0.072345	0.037134	-0.011541	0.069527	-0.112404	LHM
H086	H086	0.047549	-0.032117	0.015816	-0.102303	0.084716	-0.029988	-0.022455	-0.114578	-0.004546	-0.066476	-0.038408	0.013523	0.042086	-0.023349	-0.030485	-0.002014	-0.009196	-0.061938	0.057478	-0.036208	LHM
H087	H087	0.057542	-0.14145	-0.059636	0.068164	-0.010061	-0.006335	-0.029888	0.024491	0.060006	0.032119	-0.047099	-0.014987	0.023728	0.051774	-0.024841	-0.035731	-0.06664	0.017228	0.011616	-0.077173	LHM
H088	H088	0.056733	0.019438	-0.126675	0.117708	0.038014	0.021012	0.002714	-0.046569	0.029354	0.056513	-0.038414	-0.021524	-0.105641	-0.079306	0.01774	-0.037796	0.073824	-0.027431	0.088964	0.016692	LHM
H089	H089	0.04515	0.057647	-0.093407	0.090923	0.04176	0.081363	-0.035802	-0.072518	0.079594	0.088554	-0.055452	-0.024004	0.035062	0.002386	0.015007	-0.05924	-0.006127	0.012879	0.105469	-0.098685	LHM
H090	H090	0.048025	-0.062447	0.107494	0.070951	0.030454	0.033531	0.027563	-0.025246	-0.036535	-0.077987	0.016124	-0.064262	0.017055	-0.016804	-0.018072	-0.059422	0.036425	-0.091109	-0.017148	0.081747	LHM
H091	H091	0.051569	0.047719	0.000138	0.02915	0.063868	0.054801	-0.208633	0.068658	-0.054021	-0.087729	0.057839	-0.043874	-0.143301	0.117484	-0.035745	0.044669	-0.047575	0.036229	-0.070322	-0.045654	LHM
H092	H092	0.048649	0.112618	0.084588	0.069295	0.033878	0.060607	0.027687	-0.099191	0.041702	-0.043302	-0.003525	0.040982	0.06117	0.049042	-0.028168	-0.008429	-0.104623	0.120569	-0.035082	0.010075	LHM
H093	H093	0.075777	-0.059682	-0.002904	0.164543	0.044626	0.054174	-0.032807	-0.076175	-0.021831	0.018484	-0.087604	0.052766	-0.047004	-0.048595	0.040975	0.030121	0.036684	0.023269	-0.042011	0.080517	LHM
H094	H094	0.0429	0.106929	0.026868	0.008329	-0.041944	0.093146	-0.011365	-0.060266	-0.004438	-0.080457	-0.052279	0.120113	0.055108	0.084197	-0.063138	-0.01344	-0.066035	0.020862	-0.106154	-0.039143	LHM
H096	H096	0.049962	0.11583	-0.014984	-0.02231	-0.145291	0.0688	-0.042158	-0.039569	0.053734	-0.002234	0.017063	0.00197	0.106401	-0.004354	-0.013929	-0.06078	-0.007073	0.025985	-0.030513	-0.022126	LHM
H097	H097	0.058956	-0.068693	0.10645	0.065245	-0.029666	-0.025114	0.083873	0.009416	-0.029121	-0.007473	0.049271	-0.062504	0.000908	-0.044422	0.052621	-0.007109	-0.035625	0.067308	-0.038696	-0.006696	LHM
H098	H098	0.057143	-0.128238	-0.071263	0.121528	0.037908	0.066554	-0.102821	-0.072804	-0.028477	0.040652	-0.096524	0.017802	-0.065655	-0.004099	0.015465	-0.004322	0.017096	0.001298	-0.060498	0.014672	LHM
H099	H099	0.054313	0.018433	-0.118385	0.052646	0.025847	-0.001615	0.114888	0.037661	0.025771	-0.017663	-0.067434	0.010114	0.026948	-0.076666	0.013219	-0.035905	0.006506	-0.016	-0.106628	0.058081	LHM
H100	H100	0.046253	0.060695	-0.011622	-0.036218	-0.09333	-0.016348	0.023561	-0.018508	0.10749	0.039333	-0.025861	-0.005704	-0.049341	0.013467	-0.007983	-0.056038	-0.041055	0.006056	0.016851	0.025384	LHM
H101	H101	0.042033	0.045614	0.101677	0.033329	0.087187	-0.161948	-0.091002	0.071731	-0.010844	0.129421	-0.075015	0.110726	-0.024207	0.007735	-0.054957	-0.131565	0.056671	-0.064976	0.058076	0.090151	LHM
H102	H102	0.04264	0.003139	-0.116503	0.074971	0.027764	0.008331	0.08876	0.03793	0.043321	-0.055305	0.039765	0.04943	0.011221	-0.028507	-0.039414	-0.006825	0.039538	-0.095275	-0.05203	0.081224	LHM
H103	H103	0.04791	0.042566	-0.010213	-0.004116	-0.093703	-0.030941	-0.123948	-0.013856	-0.062698	0.011619	-0.029917	-0.047675	-0.032168	0.029287	0.007092	0.034114	-0.040019	-0.025018	0.002965	0.016067	LHM
H104	H104	0.05024	0.024927	-0.00915	-0.029897	-0.105285	-0.080442	-0.055544	-0.078777	-0.102202	-0.00909	-0.098914	-0.044887	-0.013217	-0.00171	0.004047	-0.007882	0.026253	-0.05158	-0.006123	-0.035281	LHM
H105	H105	0.042894	0.007016	-0.112799	0.073993	0.015715	-0.020044	0.018282	0.00349	0.064155	0.033953	-0.012348	-0.002617	0.036913	0.039692	0.000887	0.081311	0.025668	-0.069063	0.042795	-0.090515	LHM
H106	H106	0.048127	0.039636	-0.033788	-0.045658	-0.15366	-0.097892	0.042871	-0.076178	-0.06968	-0.040137	0.011134	0.010388	-0.075734	-0.020868	-0.013822	-0.018519	-0.012967	0.020081	0.057815	-0.005065	LHM
H107	H107	0.047799	0.039432	-0.015047	-0.063934	-0.017792	-0.031829	0.030601	-0.006638	0.176166	0.034658	0.093724	0.045491	-0.03759	-0.005088	0.0094	0.053502	0.000459	0.008698	-0.00284	0.010256	LHM
H108	H108	0.051003	0.075537	-0.026192	-0.022131	-0.154546	0.037709	-0.120401	0.090823	-0.057076	0.004098	0.178285	0.000706	-0.030031	-0.026297	-0.009991	-0.018226	-0.007209	-0.014812	0.064996	-0.061436	LHM
H109	H109	0.048029	0.047549	0.090753	0.027693	0.02229	-0.208264	-0.006371	0.099656	0.05744	0.102371	0.010679	0.087972	0.012912	0.056028	-0.072801	-0.127697	-0.031671	0.037326	-0.014357	0.163105	LHM
H110	H110	0.051173	-0.010125	0.047337	-0.045569	0.039909	-0.090318	-0.018929	0.050005	0.029308	-0.023345	-0.015175	0.029738	0.066697	-0.035201	0.015027	0.028939	-0.001112	-0.003495	-0.009081	-0.040956	LHM
H111	H111	0.051445	0.0888	0.010199	-0.020961	0.017389	0.108491	-0.00444	-0.018166	0.05406	-0.061018	-0.075169	0.089567	-0.023911	0.07203	-0.050359	0.0755	-0.026407	0.029122	-0.049438	-0.084343	LHM
H112	H112	0.048862	0.020763	-0.116546	0.127309	0.08346	0.022113	-0.237455	0.021744	-0.038906	0.06981	-0.020271	-0.048578	-0.150194	0.056425	0.028237	0.037035	-0.085764	0.088794	-0.054416	0.05458	LHM
H113	H113	0.049349	0.089017	0.003246	-0.002153	-0.043758	0.095603	-0.00674	-0.065337	0.016178	-0.087577	-0.018261	0.023487	0.059165	0.042815	-0.047048	-0.096304	-0.094364	0.09541	0.015067	-0.005486	LHM
H114	H114	0.04492	0.06627	-0.021555	-0.034948	-0.121395	0.007078	0.040644	0.016743	-0.024748	0.025647	-0.000846	-0.04008	0.003671	-0.028784	0.013978	-0.040342	0.048532	-0.029666	0.002479	0.105113	LHM
H115	H115	0.045569	0.045151	-0.019174	-0.039543	0.088109	0.036184	-0.176399	0.029401	-0.037582	0.039921	0.020036	-0.093169	-0.164732	0.04596	0.0386	0.001367	-0.054117	0.018639	-0.14062	0.094791	LHM
H116	H116	0.053639	-0.121519	-0.088935	0.096093	0.017236	0.040791	0.079179	0.069868	0.052475	-0.035788	-0.041465	-0.02527	-0.013212	-0.038555	0.002711	-0.104171	-0.042595	0.067517	-0.058117	0.027518	LHM
H117	H117	0.052403	-0.099717	0.008295	-0.066731	0.014342	0.034545	0.052682	0.007054	-0.066639	0.093693	0.011694	-0.022459	0.035834	0.153086	-0.01265	0.118208	0.032565	-0.051467	-0.003736	-0.01915	LHM
H118	H118	0.048668	0.106032	0.023366	0.022234	-0.032985	0.075989	-0.031442	-0.070673	0.076205	0.066894	-0.052956	0.00975	0.027874	-0.040117	0.028818	-0.025586	0.027444	-0.011808	0.116146	0.006551	LHM
H119	H119	0.049299	0.075689	0.056124	0.080418	0.019534	0.020097	0.19266	0.078379	-0.017116	-0.008938	0.009415	-0.02514	-0.122737	-0.056661	0.015444	-0.100189	-0.023392	0.071146	-0.001268	0.014107	LHM
H120	H120	0.055014	-0.12049	0.01861	-0.091668	0.014485	0.011282	0.011781	-0.007763	-0.00442	0.061028	-0.000929	0.003027	0.094752	0.128038	-0.034146	0.069869	0.008033	-0.051212	0.02063	-0.02395	LHM
H121	H121	0.039784	0.052438	-0.118187	0.071491	0.020551	0.080495	0.02551	-0.013622	0.11261	-0.04121	0.023885	0.128474	0.163719	-0.020217	-0.022423	0.028952	-0.037121	0.065212	-0.102251	-0.007987	LHM
H122	H122	0.0503	0.015833	0.096739	0.062644	0.021781	-0.129565	0.042161	-0.048627	-0.013457	-0.057003	-0.000431	-0.056595	-0.007177	-0.051814	0.039609	0.028774	0.006789	0.031435	-0.102501	-0.046394	LHM
H123	H123	0.045942	0.039535	-0.025999	-0.097178	0.058551	0.039401	0.070044	0.000393	0.042667	0.070433	0.014419	0.031213	-0.025673	0.040179	0.000646	0.10118	-0.039956	-0.003863	0.064923	0.111363	LHM
H124	H124	0.046861	0.065525	0.00773	0.03113	-0.006833	-0.00463	0.077523	0.003481	0.077073	-0.090222	-0.032812	-0.132618	-0.069407	0.041197	-0.007241	0.001905	0.104127	-0.169388	-0.178434	0.012795	LHM
H125	H125	0.053907	-0.073704	0.128303	0.066085	0.017926	-0.002029	-0.003431	-0.027171	0.02123	-0.092133	-0.007338	-0.100824	-0.015735	-0.048469	0.01943	-0.010876	0.01443	-0.037736	-0.052082	0.044123	LHM
H126	H126	0.057277	-0.118273	-0.050416	0.080318	0.004942	0.062785	0.078467	0.035323	0.030724	-0.097597	-0.022971	-0.027539	0.011022	0.031692	-0.054552	-0.091381	-0.044209	0.016879	0.102674	0.165236	LHM
H127	H127	0.053966	0.10386	-0.010023	-0.021879	-0.129036	0.061537	-0.003861	-0.048225	0.037823	0.015755	-0.050793	-0.037113	0.043086	0.089996	-0.000666	-0.027761	-0.059063	0.033063	-0.095723	-0.001431	LHM
H128	H128	0.037521	0.02369	-0.003441	0.008622	-0.022103	-0.030146	0.007445	-0.010264	0.05231	-0.15624	-0.047324	-0.11424	0.027531	-0.077519	0.013879	-0.041262	0.083852	-0.056718	0.017276	-0.034755	LHM
H129	H129	0.04857	0.102059	-0.011092	-0.03348	-0.117766	0.03253	-0.020103	-0.082974	0.034947	0.041218	-0.023846	0.00947	0.108139	0.08483	0.007652	-0.029059	-0.028742	0.022907	-0.060259	0.048106	LHM
H130	H130	0.043935	0.100539	0.000319	-0.009412	-0.082271	0.048118	-0.076558	-0.013319	0.046662	0.03262	-0.024042	-0.022849	0.041289	-0.037879	0.04641	-0.004617	0.007056	-0.002346	-0.056045	0.075941	LHM
H131	H131	0.053661	0.069225	-0.008387	0.000943	-0.122961	0.009925	-0.103738	0.038602	-0.105258	-0.001946	0.046518	-0.040207	-0.057063	0.033357	0.007254	0.024851	-0.003468	-0.046588	0.006971	0.002579	LHM
H132	H132	0.061856	-0.063466	0.017267	-0.032914	-0.187801	0.004018	0.012765	0.032502	-0.040321	0.03606	-0.023217	-0.007022	-0.026816	0.035964	0.01014	0.06302	0.007053	-0.004928	-0.013224	-0.005625	LHM
H133	H133	0.042814	0.043858	0.09367	0.036978	0.026328	-0.208259	-0.019939	0.099839	0.055889	0.09972	0.015748	0.090135	0.005043	0.091865	-0.081822	-0.092114	-0.037246	0.026166	-0.030464	0.143786	LHM
H134	H134	0.052398	0.054627	0.10747	0.07214	-0.009095	-0.075049	0.052553	-0.010915	0.072562	-0.031879	0.037095	0.019583	0.028182	-0.068212	0.039017	-0.028855	-0.038065	0.049741	-0.064892	-0.05416	LHM
H137	H137	0.041019	0.052347	-0.026129	-0.055733	-0.020036	-0.069076	-0.017743	0.147348	-0.105225	-0.072917	-0.129087	0.01487	0.011707	0.059115	-0.064015	-0.164915	-0.057039	0.103123	0.001775	-0.01377	LHM
H138	H138	0.05071	0.060021	-0.027402	-0.030531	0.012802	0.095029	0.048207	0.119538	-0.051661	-0.043603	0.161264	0.099619	0.021131	-0.08461	-0.025708	-0.057514	0.002099	-0.004465	0.080014	0.017781	LHM
H139	H139	0.05228	-0.099436	-0.004422	-0.05832	0.042377	0.074597	0.027988	0.092626	-0.072148	0.04512	0.040393	-0.088099	0.031235	0.003585	0.035088	-0.011238	-0.018322	0.024948	-0.006776	0.12513	LHM
H140	H140	0.045597	-0.120847	-0.085949	0.07781	-0.003086	0.079045	0.048635	0.095956	-0.054436	-0.018557	-0.041261	0.016948	0.045164	0.021954	-0.030556	-0.075675	0.030247	-0.04089	0.015163	0.098844	LHM
H141	H141	0.05609	-0.057648	0.020004	-0.004939	-0.137012	0.064205	-0.034728	0.039143	-0.087442	0.003973	-0.088021	-0.012738	0.024025	0.034154	0.004304	0.049629	-0.019558	-0.01256	0.011714	0.172314	LHM
H142	H142	0.041139	-0.004764	-0.023286	-0.071118	-0.000552	-0.121204	0.106429	-0.128613	0.079154	0.005254	0.140184	0.091715	-0.122173	0.054308	-0.050183	0.016157	-0.093156	0.061086	0.07766	0.009257	LHM
H143	H143	0.053916	-0.118702	-0.098254	0.105771	0.019423	0.036519	0.116875	0.100377	0.00962	-0.023798	-0.036665	-0.018436	-0.037558	-0.028639	-0.000699	-0.089023	0.000655	0.029406	-0.087126	-0.001365	LHM
H144	H144	0.048776	0.062192	0.01631	-0.03537	0.062544	0.026446	0.091079	0.062194	-0.033016	0.000732	-0.036337	-0.000941	-0.037744	-0.018301	0.00447	0.059429	0.042093	-0.03344	0.059202	0.042571	LHM
H145	H145	0.052278	0.065692	0.106295	0.070986	-0.003893	-0.073364	0.057426	0.017347	0.031924	0.017969	0.08821	-0.054714	0.032359	-0.057655	0.071694	0.030667	0.002008	0.028075	-0.127719	0.012626	LHM
H146	H146	0.046365	0.092984	0.006663	-0.04767	0.0177	0.129676	-0.032583	-0.011124	0.041413	-0.070003	0.044522	0.026933	0.172857	-0.037443	-0.017893	-0.034182	-0.003509	0.053235	0.001027	-0.061998	LHM
H147	H147	0.054315	-0.070196	0.022526	-0.02733	-0.122516	-0.027677	-0.022709	0.058568	-0.032876	0.07272	-0.061172	0.033024	-0.012479	0.07674	-0.019236	-0.062881	-0.054593	0.003325	-0.004392	0.076834	LHM
H148	H148	0.050539	0.038347	-0.018438	-0.025826	-0.001602	0.003291	0.12903	-0.03727	0.11323	0.045418	0.152733	0.043601	-0.121259	0.02734	-0.009222	0.029142	-0.031918	0.017185	0.029166	0.099954	LHM
H149	H149	0.045397	0.021643	-0.120304	0.125788	0.085302	0.026329	-0.220288	0.026736	-0.027326	0.063836	-0.069945	-0.042566	-0.198766	0.09609	0.005025	0.041976	-0.066001	0.053457	-0.074475	0.017533	LHM
H150	H150	0.053102	0.060819	0.089936	0.071751	0.028094	-0.015371	0.018571	-0.024603	-0.024519	0.060514	0.018459	0.033794	0.041438	-0.173631	0.077086	0.00962	0.07114	-0.048689	0.006583	0.056235	LHM
H151	H151	0.047842	0.068324	0.058624	0.075662	0.056827	-0.047997	0.028424	0.111948	-0.074666	0.036703	0.10077	-0.20235	0.044877	0.121444	0.011831	-0.032111	-0.103706	0.11463	0.023568	-0.014983	LHM
H152	H152	0.051769	-0.113287	0.159105	0.070523	-0.01772	-0.106028	0.011519	0.002958	0.056294	0.078717	0.06774	0.063868	0.001499	-0.008965	0.080203	0.041358	-0.037662	0.094156	-0.217967	-0.152241	LHM
H153	H153	0.049557	-0.000276	-0.130734	0.042389	0.005645	-0.000311	-0.084576	0.070266	-0.022036	-0.068471	0.194196	0.064017	-0.000609	-0.036999	0.010362	0.161546	0.000137	-0.040916	-0.049129	0.057691	LHM
H154	H154	0.048882	0.035701	-0.031503	-0.08891	0.054861	0.025614	0.060752	-0.019438	0.027198	0.101989	0.001248	0.065022	-0.030173	-0.1116	0.072928	0.08858	0.010336	0.028708	-0.006956	-0.014811	LHM
H156	H156	0.053073	0.014544	-0.018029	-0.030548	-0.094748	-0.120804	-0.124897	0.012955	-0.010913	0.042942	0.003614	-0.020928	-0.069471	-0.078772	0.02076	-0.067944	0.025748	-0.021566	-0.011891	-0.00539	LHM
H157	H157	0.050955	0.069614	-0.027843	-0.050128	-0.009445	0.005321	0.132859	-0.006492	0.106458	0.053167	0.08425	-0.000412	-0.165514	0.009796	0.006418	0.029414	0.04767	0.000505	-0.013406	0.03294	LHM
H158	H158	0.039204	0.054446	0.014267	-0.072792	0.063988	-0.051117	-0.086294	0.094503	-0.009686	-0.086309	-0.016532	0.012959	0.207914	-0.062126	-0.008295	0.014694	0.039799	0.047865	0.058109	-0.117941	LHM
H159	H159	0.05587	-0.012258	0.036595	-0.038751	0.071399	-0.04078	-0.066621	-0.132356	-0.023452	-0.046927	-0.037341	0.074519	-0.032476	-0.093551	-0.032646	-0.048909	-0.00818	-0.054128	0.07075	-0.064234	LHM
H160	H160	0.048889	0.034219	-0.061767	-0.035733	-0.096866	-0.102955	-0.027803	-0.15083	-0.130143	0.05863	0.03405	0.028217	-0.072909	-0.077073	0.018426	-0.029458	0.043161	-0.072688	-0.035545	0.050747	LHM
H161	H161	0.029622	0.043277	0.100448	0.031963	0.024724	-0.169266	-0.04324	0.062287	-0.000915	0.036012	-0.039522	0.031268	0.0426	-0.020008	0.032316	0.012011	-0.016531	0.110426	0.025128	0.038281	LHM
H162	H162	0.04804	0.042761	-0.014923	-0.046977	-0.023842	-0.052826	0.033353	-0.101069	-0.135698	-0.084216	-0.075127	0.067721	-0.032507	-0.051374	-0.053717	-0.059146	-0.002878	-0.003514	0.126529	0.024099	LHM
H163	H163	0.055702	-0.107268	0.010557	-0.094433	0.032358	0.033668	0.015459	0.012817	-0.018286	0.111566	0.033443	0.061221	-0.036341	-0.076846	0.037724	-0.053165	-0.015581	0.071182	0.017477	-0.015886	LHM
H164	H164	0.04734	0.027535	-0.106668	0.080107	0.057757	0.01506	0.047642	-0.062873	-0.04553	0.052673	-0.075884	0.030688	-0.092507	-0.068219	0.02549	-0.036435	0.070027	-0.071072	-0.009588	-0.006086	LHM
H165	H165	0.056282	-0.095218	0.000529	-0.10773	0.054647	0.073765	-0.056229	-0.03768	0.052765	-0.009192	0.01757	-0.060074	0.029795	-0.066662	0.055099	-0.016346	-0.03689	0.063407	0.028241	0.044401	LHM
H166	H166	0.052909	0.090986	-0.009573	0.015563	-0.122869	0.014969	0.062873	0.087469	-0.034478	0.044286	-0.225238	-0.025893	-0.052407	-0.002246	0.080973	0.270672	-0.026505	0.063712	0.110838	0.037085	LHM
H167	H167	0.056131	-0.078237	0.045493	0.001739	-0.040759	0.087208	-0.038699	-0.03788	-0.052849	-0.027266	-0.050027	0.052028	0.017135	0.020348	-0.019315	-0.020922	-0.010863	0.040119	0.037011	0.00902	LHM
H168	H168	0.052134	0.012998	-0.1155	0.088821	-0.011112	-0.002232	0.007648	-0.008895	-0.008649	0.06768	0.043709	0.077479	0.108695	-0.035424	0.030217	0.050307	0.010749	-0.013992	-0.088596	0.042293	LHM
H169	H169	0.044459	0.094458	0.01923	0.003146	0.028348	0.110549	-0.076265	-0.039368	0.027697	-0.016536	-0.019895	0.008182	0.061355	-0.048763	0.031125	-0.038969	0.031081	-0.032705	-0.074147	0.035315	LHM
H170	H170	0.045685	-0.019437	-0.132249	0.06906	0.037242	-0.040547	0.031813	-0.062663	-0.072989	-0.031748	0.00634	0.045219	-0.012233	-0.025358	-0.0317	-0.017441	-0.010926	-0.063167	-0.009344	0.105322	LHM
H171	H171	0.062427	-0.062235	0.122297	0.070573	0.010629	0.011097	0.046174	-0.040935	-0.032934	-0.0516	0.008065	0.0115	-0.00783	0.079849	-0.057671	0.038607	-0.030702	-0.045687	0.072042	0.100641	LHM
H172	H172	0.0459	0.079041	0.006051	-0.074156	0.066958	0.130619	0.032121	-0.023729	0.048727	0.088964	-0.050064	-0.005577	-0.012029	0.097661	0.009022	-0.02217	-0.107101	0.110464	0.068021	-0.011961	LHM
H173	H173	0.058059	-0.088235	-0.069558	0.083579	0.006183	0.069215	-0.042083	-0.050887	0.000631	0.092331	-0.069175	-0.024266	0.034017	-0.03618	0.03175	-0.054398	0.062047	-0.005554	0.060383	-0.09786	LHM
H174	H174	0.048528	0.069538	-0.091114	0.070161	0.017082	0.070468	-0.05543	-0.084923	0.054099	0.05954	-0.008767	0.003556	0.067333	-0.060924	0.024011	-0.073819	0.004701	0.009516	-0.0288	-0.041037	LHM
H175	H175	0.045841	0.06761	-0.019345	-0.030241	0.007605	0.103916	-0.050513	0.185754	-0.103157	-0.072483	0.243614	0.076906	-0.006131	-0.036897	-0.064177	-0.082969	-0.02635	0.002418	0.075377	-0.085243	LHM
H176	H176	0.056553	0.068458	-0.030949	-0.031218	-0.158587	0.04335	-0.007732	0.048312	0.011762	0.000733	0.092012	0.04964	-0.007511	-0.065019	0.011124	-0.003269	0.014782	-0.027793	0.038579	0.034933	LHM
H177	H177	0.054502	-0.11449	0.029222	-0.077191	0.048341	0.073683	-0.023245	-0.010522	0.013579	0.00197	-0.068818	-0.02254	0.03462	0.034886	0.018081	0.050889	0.00999	0.00529	0.028029	0.059554	LHM
H178	H178	0.043969	0.034077	0.006581	-0.075159	0.077868	-0.004631	-0.091875	-0.033382	0.026611	-0.059615	-0.021063	0.055819	0.062902	-0.046797	-0.003906	0.008465	0.042947	-0.025094	-0.013958	-0.006792	LHM
H179	H179	0.042256	0.039185	-0.06402	-0.039929	-0.063356	-0.047003	0.081558	0.032446	-0.203667	-0.138678	-0.080128	0.047737	-0.033195	-0.015878	-0.053248	-0.064972	-0.036667	0.096532	0.045504	-0.111407	LHM
H180	H180	0.048278	0.03924	-0.017338	-0.095544	0.060554	0.044625	0.12484	0.061271	-0.03537	0.040141	-0.001007	-0.040388	-0.066215	-0.053374	0.038568	-0.052511	-0.012492	0.079791	0.008841	-0.043353	LHM
H181	H181	0.054421	-0.085675	0.040362	0.012203	-0.050831	0.017731	0.006881	-0.010591	0.014965	-0.113966	-0.080869	-0.112816	0.036234	-0.0143	0.019083	0.005575	0.006413	0.009226	0.062428	0.027271	LHM
H182	H182	0.059024	-0.084819	0.021906	-0.065508	-0.079071	-0.028073	0.021668	-0.004749	0.140406	-0.016795	0.094131	-0.064876	-0.075239	-0.0299	0.007222	-0.031305	0.048019	0.003552	0.02913	-0.110431	LHM
H183	H183	0.054617	-0.10521	-0.07282	0.064348	-0.003559	0.010845	0.027999	0.028672	-0.05863	0.069498	-0.015392	-0.030173	0.039869	0.090947	-0.016714	-0.035003	0.023191	0.012154	-0.034609	-0.064306	LHM
H184	H184	0.048558	-0.09436	0.007166	-0.135933	0.044895	0.068098	0.037108	0.097411	0.000944	0.07911	0.006394	0.108764	0.081331	0.101104	-0.075451	0.032193	0.029649	-0.097609	0.008557	0.019302	LHM
H185	H185	0.04845	-0.001984	0.015903	-0.139466	0.121379	-0.068005	-0.093351	0.044262	0.051757	0.014166	-0.072348	-0.045941	0.028237	0.007339	0.001961	-0.11017	-0.001419	0.01286	-0.05259	0.103329	LHM
H186	H186	0.051178	-0.056425	-0.079563	0.058512	0.022888	-0.065	0.061279	-0.058073	0.098733	-0.174849	-0.018777	-0.01364	-0.03821	0.031223	-0.084437	-0.158401	-0.095984	0.0617	0.11898	0.040659	LHM
H187	H187	0.052316	-0.073358	0.090106	0.057438	0.01436	-0.012712	0.021341	-0.00387	0.019633	-0.012718	-0.056066	-0.000848	-0.05946	0.013675	-0.005884	0.057049	-0.036033	0.003216	0.036611	-0.029254	LHM
H190	H190	0.042536	0.023388	0.041991	-0.062353	0.066292	-0.102588	-0.075553	0.066809	0.058147	-0.017772	-0.057727	0.125063	-0.062735	0.098575	-0.09049	-0.02477	0.02272	-0.069684	-0.051762	0.009065	LHM
H191	H191	0.058049	-0.121865	0.041645	-0.082634	0.039496	0.04615	-0.023795	0.004269	0.003352	0.004761	-0.046802	-0.093126	0.005293	0.026085	0.017388	-0.043238	-0.100006	0.075568	0.019385	-0.04826	LHM
H192	H192	0.050213	0.025436	-0.086297	0.092857	0.075235	-0.026224	-0.102515	-0.00234	-0.043001	0.030267	0.028203	-0.168447	0.063744	0.11492	-0.000636	0.047709	-0.030756	-0.003429	0.063068	-0.026361	LHM
H193	H193	0.043191	0.048865	0.019187	0.016528	0.041779	0.086408	-0.107664	0.081363	-0.077711	-0.149415	0.189872	-0.02287	-0.026254	0.077401	-0.058191	0.051024	0.035553	-0.064626	0.009084	-0.065941	LHM
H194	H194	0.054243	0.031058	-0.028331	-0.069635	-0.161083	-0.144138	-0.082884	0.059875	0.117512	-0.067056	-0.041948	0.019256	-0.040073	-0.060329	0.011374	0.067289	0.022094	0.043569	0.076504	0.00542	LHM
H195	H195	0.043117	-0.023825	-0.126881	0.053716	0.030872	-0.11532	-0.00843	0.153823	0.17695	-0.133915	-0.037842	0.011505	-0.017243	-0.06134	-0.020706	0.06479	-0.015567	0.088703	0.142489	0.059537	LHM
H196	H196	0.046144	0.017572	-0.017691	-0.090086	0.012091	-0.127607	0.001032	0.067545	0.198512	-0.066031	0.032782	-0.011627	-0.065833	-0.016333	-0.005348	0.062798	0.008516	0.063659	0.11778	0.034504	LHM
H197	H197	0.061048	-0.068441	-0.002319	-0.040054	-0.20995	-0.026387	-0.070805	0.036246	0.065827	-0.04415	0.008736	0.020538	-0.012124	-0.074573	0.01545	0.10503	0.03352	-0.005022	-0.033904	-0.048321	LHM
H198	H198	0.043443	-0.010014	-0.008883	-0.15166	0.095701	-0.069762	-0.002974	0.141065	0.028262	0.100609	-0.058941	0.142958	0.036482	0.10979	-0.098323	-0.043815	0.021553	-0.090621	-0.010079	0.024	LHM
H199	H199	0.06262	-0.066087	0.010494	-0.055557	-0.20838	-0.051838	-0.058483	0.015472	0.082451	-0.016813	-0.014846	-0.002785	-0.030441	-0.057079	0.017026	0.055247	0.038894	0.001944	0.012703	-0.07274	LHM
H200	H200	0.052366	-0.110318	0.161288	0.078348	-0.01159	-0.094699	-0.003598	0.004117	0.049961	0.064914	0.063311	0.054306	0.002753	-0.004575	0.075211	0.035937	-0.061131	0.116802	-0.2231	-0.16824	LHM
H204	H204	0.046234	0.062199	0.054537	0.107361	0.024819	0.015016	0.090291	0.140361	-0.067287	-0.051635	0.020809	-0.117755	-0.063376	-0.036711	0.042152	0.067284	-0.060579	0.110518	0.084917	-0.018572	LHM
H206	H206	0.056127	0.073179	0.063628	0.074268	0.033401	-0.000898	0.147017	0.061986	-0.034407	0.0406	0.085805	-0.111095	0.028257	0.039824	0.035431	-0.027342	-0.066653	0.098871	-0.015471	0.013362	LHM
H207	H207	0.05813	-0.065922	0.106071	0.029273	0.021268	0.02987	0.035186	-0.036828	-0.078046	0.113673	0.022889	0.029977	-0.099334	-0.000282	-0.01795	-0.01782	0.082242	-0.091944	0.140981	-0.13735	LHM
H208	H208	0.048856	0.087344	0.073886	0.065185	0.039493	-0.002453	0.129618	0.085354	-0.035187	0.033932	-0.102864	0.030561	-0.016246	-0.00957	0.04386	0.2073	0.028595	0.018554	0.040385	-0.016914	LHM
H209	H209	0.045648	0.078419	0.003351	0.004152	0.03066	0.059812	0.06417	0.052001	-0.038858	0.010145	-0.027525	0.028597	0.004665	0.025664	-0.009504	0.044566	0.07496	-0.064623	0.009352	-0.055472	LHM
H210	H210	0.043953	0.081202	0.027666	0.023485	-0.030969	-0.000627	0.069709	0.008078	0.01	-0.018058	-0.036858	-0.116745	-0.085126	0.002714	0.022763	-0.009126	0.1225	-0.089257	-0.05419	0.020792	LHM
H211	H211	0.042586	0.041704	0.112689	0.005268	0.080841	-0.119098	-0.068559	0.098821	-0.014432	0.036519	-0.078446	0.087398	0.034758	0.042361	-0.045109	-0.047982	0.028075	-0.01339	0.017587	0.045579	LHM
H212	H212	0.044243	0.062684	-0.012205	-0.023623	0.025888	0.098782	-0.014903	0.150252	-0.076011	-0.038531	0.143633	0.074197	-0.000895	0.00815	-0.069085	-0.051138	-0.009443	-0.00766	0.027111	-0.152864	LHM
H213	H213	0.04393	-0.031331	-0.108044	0.025491	0.033311	-0.058323	0.000676	0.088923	0.076391	-0.030411	0.001946	-0.02176	0.101234	-0.013589	-0.014185	0.04348	0.030708	-0.07012	-0.014258	-0.003252	LHM
H214	H214	0.057291	-0.07282	0.125395	0.054153	-0.065893	0.033297	-0.004948	0.009022	-0.133532	-0.049049	0.037178	0.042862	0.105423	-0.094859	0.031626	0.008021	0.02376	0.017501	0.058906	0.071554	LHM
H215	H215	0.028268	0.054134	-0.011718	-0.024103	0.06567	0.016485	0.103201	0.031392	-0.058333	0.01213	-0.014934	-0.087643	0.059937	0.009427	0.032095	0.040071	0.007049	-0.017658	-0.015898	0.044347	LHM
H216	H216	0.054668	-0.071374	0.123386	0.051627	-0.0713	0.030201	-0.008455	0.001347	-0.100138	-0.042344	0.043963	0.054107	0.116118	-0.110477	0.030062	-0.026671	0.035457	-0.000255	0.043452	0.080791	LHM
H217	H217	0.0609	-0.049707	0.130308	0.063152	-0.013567	0.045433	-0.04006	-0.053488	-0.004618	0.060426	0.015503	-0.017601	0.101023	-0.121689	0.052032	-0.106698	0.071773	-0.030083	0.030891	-0.011549	LHM
H218	H218	0.055816	-0.117276	-0.040652	0.059708	-0.036331	0.031276	0.011898	-0.012298	0.062893	-0.039595	0.061881	0.044928	0.045502	-0.022843	-0.017733	-0.037991	-0.002833	-0.043719	-0.031249	0.081822	LHM
H219	H219	0.047416	0.022292	0.004752	-0.056667	0.058961	0.011587	0.014034	-0.020682	-0.0561	-0.121034	0.011129	-0.017067	0.000478	0.041812	-0.030557	0.034137	-0.05953	0.043486	0.110523	-0.016954	LHM
H220	H220	0.044727	0.036781	-0.033224	-0.087978	0.074971	0.027845	-0.150654	0.003904	-0.048309	0.063425	0.092701	-0.017793	-0.087894	-0.065523	0.082974	0.038462	0.011505	0.034057	0.011592	-0.033126	LHM
H221	H221	0.046886	0.088489	-0.033369	-0.025879	-0.044419	0.061025	0.13475	0.136904	-0.141277	-0.005682	-0.156031	0.041873	-0.000423	0.03333	-0.040148	-0.125372	0.051942	-0.02849	-0.143177	-0.143627	LHM
H222	H222	0.047179	0.09862	0.081987	0.06162	0.032657	0.066758	0.012517	-0.077973	0.063134	0.014528	0.004736	0.006378	0.013764	0.025586	-0.013657	-0.050941	-0.093907	0.11108	0.007106	0.015156	LHM
H223	H223	0.054674	-0.088173	0.035385	-0.077099	0.056241	0.060795	-0.037005	-0.0213	0.001714	0.016316	0.018575	-0.053977	-0.005636	0.094917	-0.015131	0.016159	0.014076	-0.056065	-0.079161	0.059789	LHM
H224	H224	0.050972	0.069046	0.063777	0.06216	0.040487	0.006266	0.001871	-0.073507	0.019927	0.067549	-0.077257	0.097483	-0.052941	-0.102293	0.00677	0.015746	0.076066	-0.064584	0.1162	-0.039955	LHM
H225	H225	0.058937	-0.081279	0.06687	0.000317	0.030938	0.059702	0.01722	-0.045079	-0.029456	-0.034436	0.047153	-0.055095	-0.046754	0.05471	-0.013268	0.024233	-0.002138	-0.031915	-0.023176	0.140584	LHM
H226	H226	0.046112	0.086881	-0.033079	-0.021498	-0.044761	0.057265	0.125215	0.128733	-0.146067	0.001804	-0.150143	0.052067	-0.014437	0.037589	-0.039409	-0.128267	0.048804	-0.028503	-0.169558	-0.130389	LHM
H227	H227	0.042369	0.007699	-0.117038	0.059462	0.028202	0.054518	0.084576	0.046884	0.039446	0.002728	-0.024192	0.140471	0.076779	-0.017219	-0.039436	0.042366	0.094821	-0.147932	-0.063911	0.025561	LHM
H228	H228	0.049925	-0.107325	0.046836	-0.094416	0.047404	0.075086	0.009306	-0.055182	0.037037	0.022822	-0.033437	0.053683	0.013817	0.084539	-0.01244	0.05584	-0.028791	-0.010707	0.007768	0.024679	LHM
H229	H229	0.055635	-0.070797	0.040447	-0.005368	-0.019112	0.064877	0.025342	0.027395	-0.047326	-0.077948	-0.069742	0.106159	-0.080566	0.092724	-0.090301	0.043149	0.055737	-0.07033	-0.05921	-0.133554	LHM
H230	H230	0.053342	-0.007251	0.019628	-0.130313	0.112028	-0.041085	-0.045202	-0.01841	0.04147	-0.066636	-0.065913	-0.110185	-0.024478	-0.007937	0.008104	-0.044099	0.03334	-0.054568	-0.025051	-0.110603	LHM
line	100	-0.056083	-0.008365	0.001252	-0.003222	-0.008345	0.013108	-0.001585	0.009958	0.001313	4.6e-05	-0.001592	-0.007202	-0.01234	-0.017256	-0.0036	-0.007268	-0.023786	-0.01906	0.009615	-0.002437	DGRP
line	101	-0.048649	-0.002705	-0.002981	0.003541	-0.005022	0.001624	0.004943	0.005472	-0.000369	-0.010646	-0.000153	-0.003725	0.003177	-0.013094	0.001826	-0.00721	-0.012446	-0.000559	0.003456	-0.002494	DGRP
line	105	-0.051088	-0.002561	-0.000212	-0.007419	0.002084	0.010626	-0.002513	-0.010561	0.005136	-0.002304	0.000201	0.000135	-0.009933	-0.012671	0.005298	-0.005689	0.02157	0.009174	-0.028243	0.006599	DGRP
line	109	-0.048512	-0.000485	0.016112	0.005739	0.001307	0.000612	0.003782	0.013894	0.000127	0.013543	-0.000927	-0.002304	0.006317	-0.016109	0.002436	0.002274	-0.011684	-0.010874	-0.007249	-0.004541	DGRP
line	129	-0.047605	-0.002425	0.002168	0.000324	-0.001878	-0.00632	-0.000212	-0.003427	-0.004294	-0.016396	-0.007371	0.011574	0.009051	0.006829	0.001875	0.023771	0.030199	0.028017	0.003709	0.019731	DGRP
line	136	-0.050493	-0.008529	-0.001516	-0.000876	0.000438	-0.00665	0.003145	-0.006129	-0.005014	0.001155	0.003482	-0.00171	0.001757	-0.013245	-0.007103	0.012555	-0.000154	0.022468	-0.007262	-0.002664	DGRP
line	138	-0.049802	0.000172	0.000246	0.006056	0.000917	0.01018	0.005308	-0.015348	0.004475	0.025645	-0.002764	0.003357	0.009095	0.016082	0.001781	0.004514	0.02114	0.012071	-0.002288	0.006994	DGRP
line	142	-0.046775	0.004913	0.00741	0.006581	-0.002173	-0.002806	0.007852	-0.001954	-0.008825	-0.008567	0.016041	0.000388	0.007815	0.008171	-0.010795	0.016348	0.020607	0.025682	-0.005814	0.002097	DGRP
line	149	-0.049191	0.001153	0.001448	0.002362	-0.004245	0.0033	-0.005934	-0.00296	0.008971	-0.00805	-0.00283	0.009298	0.002396	0.000987	-0.012059	-0.010687	0.014658	0.010882	-0.011514	0.016792	DGRP
line	153	-0.045009	-0.007344	-0.006372	0.002228	-0.007958	0.004244	-0.013336	-0.002881	-0.004748	-0.008727	0.002176	-0.005805	-0.006992	0.016325	0.004181	-0.002354	0.011822	-0.002376	0.001794	-0.001372	DGRP
line	158	-0.046255	-0.001077	0.005811	0.004471	-0.0025	-0.008883	-0.006602	0.005029	-0.00085	0.003976	0.00859	0.009476	0.003249	-0.00304	-0.022066	-0.000396	0.039864	0.021463	-0.001386	-0.000365	DGRP
line	161	-0.049655	-0.000613	0.000146	0.007733	-0.002059	0.001051	-0.00233	0.01935	0.010444	0.004364	-0.005809	-0.010395	-0.006116	-0.010736	-0.008814	-0.00031	-0.032556	-0.001979	0.015194	-0.030295	DGRP
line	176	-0.045612	-0.001033	0.002823	0.007084	-0.006068	-0.004505	-0.005466	-0.016321	0.011307	0.000245	-0.010403	0.000806	-0.010229	0.031955	-0.018294	0.002077	0.019434	0.01726	-0.031866	-0.002962	DGRP
line	177	-0.043547	0.006455	-0.001244	-0.005599	0.005109	0.009183	0.000678	0.007214	0.003463	-0.016592	-0.011173	0.006643	-0.018142	0.015819	-0.013073	-0.001842	0.049953	0.026272	-0.017982	0.007798	DGRP
line	181	-0.048231	-0.004437	0.008792	0.004742	-0.001673	-0.014943	-0.009755	-0.009511	-0.01539	-0.001915	0.004699	0.006569	-0.006599	0.016078	-0.001512	-0.002728	0.014768	0.013584	0.005277	0.015535	DGRP
line	189	-0.049123	-0.009418	-0.01018	-0.007489	-0.003276	0.002236	0.009832	0.016645	0.000848	-0.005041	0.012659	0.015481	0.000404	0.006443	0.002343	0.000825	0.014748	0.019619	0.015631	0.006887	DGRP
line	195	-0.047588	0.001397	-0.004632	-0.000791	-0.003606	0.014012	-0.003299	0.013317	-0.010121	-0.00671	0.009979	0.009853	-0.002876	0.004457	-0.01115	0.016892	0.010473	0.019612	0.0185	0.008982	DGRP
line	208	-0.046311	-0.017686	0.004213	0.00979	0.006418	-0.001987	0.006978	-0.011067	-0.01295	-0.012547	0.013281	0.009879	-0.000539	0.007389	-0.001888	0.028069	0.04093	0.026114	0.019128	0.009494	DGRP
line	21	-0.047826	0.002506	0.004156	-0.004325	-0.006971	-0.001001	0.011675	0.0039	0.007451	0.002457	0.008919	0.01209	0.001739	-0.032123	-0.012688	0.003648	-0.029903	-0.004649	-0.012335	0.01069	DGRP
line	217	-0.049616	0.001426	0.006228	-0.004643	0.000406	-0.003158	-0.001489	0.001166	-0.006188	0.004283	-0.007849	0.003859	-0.006549	-0.001116	0.00038	-0.013978	0.044287	0.0111	-0.007461	-0.006733	DGRP
line	223	-0.047333	-0.010463	0.025368	0.015328	-0.002073	-0.00843	0.010052	-0.005532	-0.016823	-0.006713	0.014576	0.018775	0.016695	0.003221	-0.013736	0.019077	0.039861	0.03244	0.007501	-0.001486	DGRP
line	227	-0.046686	0.00264	-0.012988	0.008579	0.001127	-0.007393	-0.004547	0.004425	0.009863	-0.007535	-0.016261	0.007603	0.005422	0.005619	0.008699	-0.001873	0.018969	0.004211	0.003844	0.019403	DGRP
line	228	-0.048872	0.000467	0.015318	0.006156	0.001345	-0.002747	-0.002753	-0.003612	-0.010463	-0.005607	0.019234	0.011633	0.01041	-0.000636	-0.008014	-0.002309	0.033313	0.015685	0.019433	-0.002322	DGRP
line	229	-0.048463	0.000433	0.007489	0.002922	0.003335	-0.004175	-0.000583	-0.003927	-0.00133	-0.006909	-0.004483	0.013651	0.005434	-0.004983	-3.7e-05	-0.002997	0.01969	0.017701	-0.000875	0.0044	DGRP
line	233	-0.047987	0.001175	0.012191	0.011303	0.009485	-0.009545	-0.002423	0.009394	0.003783	0.002533	-0.007819	0.002672	0.005681	-0.025128	-0.014712	-0.008212	-0.011328	-0.006945	-0.001028	0.000798	DGRP
line	235	-0.046589	0.0062	0.002612	-0.001812	-0.004116	0.00292	0.001705	0.00084	0.000565	0.003828	-0.007013	0.027733	0.005742	0.012304	-0.006279	-0.001812	0.012329	0.012397	-0.004642	-0.017821	DGRP
line	237	-0.048082	-0.003636	0.003283	0.001092	-0.003321	-0.001506	-0.001663	0.006724	0.002818	0.006961	-0.010321	-0.014504	-0.006608	-0.007935	-0.00485	-0.001411	-0.006938	0.009795	-0.012259	0.005639	DGRP
line	239	-0.050745	-0.00285	-0.001525	0.001105	-0.009588	0.00152	0.010364	-0.000489	0.000299	0.01261	-0.00557	-0.015547	0.005012	-0.016081	0.001074	0.019454	-0.042227	-0.034167	-0.00641	-0.004782	DGRP
line	256	-0.045618	0.001699	-0.001149	-0.007361	-0.006489	-0.006718	-0.00703	-0.003362	0.013986	0.017498	-0.00112	0.010735	0.007033	0.004561	0.003059	-0.0032	0.045472	0.028493	-0.004582	0.000715	DGRP
line	26	-0.048316	-0.005872	-0.012455	0.009294	-0.00068	0.012553	-0.002827	0.003712	0.001002	-0.019496	-0.012963	0.002851	-0.017409	-0.003765	-0.004289	-0.003131	-0.00674	-0.004279	0.003551	-0.032155	DGRP
line	28	-0.0505	-0.003431	-0.001197	0.00356	-0.001211	0.002315	-0.001477	0.006625	-0.00309	0.022124	-0.008635	-0.014823	-0.007772	-0.015156	-0.028052	-0.000652	-0.042578	-0.046478	-0.006147	-0.018794	DGRP
line	280	-0.047996	-0.0039	-0.001796	-0.007559	-0.00173	0.003691	-9.9e-05	0.004941	-0.004582	-0.00367	0.012793	0.011066	0.009878	0.011346	-0.01361	-0.000424	0.01049	0.023203	0.003422	0.010881	DGRP
line	287	-0.044254	-0.00197	0.000535	-0.005464	0.003459	-0.007165	0.000216	-0.000941	-0.002228	0.000445	-0.002319	-0.011832	-0.00573	0.007665	-0.000948	0.000475	0.041254	0.008772	-0.015851	0.020567	DGRP
line	301	-0.048146	-0.001452	0.006855	0.001954	-0.004259	0.005387	0.00085	0.010461	-0.001116	0.006387	-0.012173	0.000549	-0.019851	-0.011565	-0.01107	-0.006222	-0.021998	-0.009098	0.006139	-0.028923	DGRP
line	303	-0.044818	-0.002979	0.001717	-0.010195	-0.005563	0.002184	-0.002132	-0.007431	0.020262	0.004543	-0.000688	-0.015672	-0.013165	-0.010114	-0.044497	-0.016247	0.026664	-0.016654	-0.013787	0.022466	DGRP
line	304	-0.04819	-0.002215	0.002389	-0.010074	-0.003391	-0.001335	-0.00602	-0.01747	0.024396	0.01243	-0.001259	-0.021217	-0.002336	0.005303	-0.058373	-0.026804	0.035162	0.011723	-0.019273	0.042076	DGRP
line	306	-0.049137	-4.1e-05	0.000667	-0.009438	-0.004725	0.001463	0.001554	-0.011816	0.02038	0.003096	0.004508	-0.011378	-0.009235	-0.005637	-0.043309	-0.015988	0.038705	-0.011942	-0.020909	0.028375	DGRP
line	307	-0.047899	-0.001335	0.008246	-0.001229	0.003417	-0.007675	-0.000699	-0.004273	0.00038	0.005224	0.013767	0.005501	0.024835	0.001266	-0.007341	-6.1e-05	0.022724	0.000492	0.019338	0.023343	DGRP
line	309	-0.049102	0.001872	0.015986	0.014819	0.005572	0.003136	-0.003558	0.007412	-0.002643	0.009034	0.012314	0.000692	0.000663	-0.01481	-0.002585	0.009066	-0.001704	0.010739	0.001449	0.001901	DGRP
line	31	-0.053189	-0.002598	-0.000967	0.004359	-0.002152	0.00317	-0.000767	0.002375	0.004729	0.009736	-0.008002	0.002138	-0.00556	-0.009422	0.001257	0.013914	-0.013617	-0.000416	-0.007883	-0.007344	DGRP
line	310	-0.047602	-0.004506	-0.011195	0.003425	-0.002532	0.010178	0.00924	0.002682	-0.004088	-0.008417	0.001477	0.021678	0.020417	0.020151	0.012916	-0.007478	0.013822	0.026799	-0.007712	0.010446	DGRP
line	313	-0.047842	0.000153	0.024517	0.018524	0.008328	-0.015284	0.000707	0.005072	-0.008081	-0.00601	0.005393	0.006629	-0.00697	-0.010628	0.000886	-0.004885	-0.03446	-0.015368	0.019894	-0.021747	DGRP
line	315	-0.047698	-0.012221	-0.015261	0.00158	0.003785	-0.001102	0.001315	-0.011594	-0.008626	-0.003352	0.007663	0.011116	0.005729	0.014208	-0.008581	-0.004895	-0.00111	0.003999	-0.01715	-0.016148	DGRP
line	317	-0.050994	0.003152	0.00061	-0.003234	-0.006749	0.001086	-0.003852	-0.007806	-0.001932	0.004176	0.00039	-1.7e-05	-0.004638	-0.003929	-0.005378	0.002822	-0.013746	-0.005069	0.010416	0.003165	DGRP
line	318	-0.048402	-0.007278	0.011519	0.008949	0.000273	-0.006238	0.013939	0.003709	0.003497	-0.008185	0.008514	0.008024	0.00102	0.002777	0.00534	0.004694	0.013176	0.008661	-0.000172	0.010211	DGRP
line	319	-0.045963	-0.001977	-0.001407	0.00534	0.001329	0.003989	-0.003446	-0.009473	0.009027	-0.004906	-0.009559	-0.008799	-0.019416	0.005833	-0.005139	-0.004892	0.03432	0.018279	0.009716	0.014075	DGRP
line	32	-0.055969	-0.000594	0.005792	-0.001711	-0.000193	-0.002261	-0.002421	0.016383	-0.001904	0.015038	-0.011491	-0.020355	0.001364	-0.041445	-0.022388	-0.002137	-0.088397	-0.056111	0.017023	-0.031859	DGRP
line	320	-0.047091	-0.008803	-0.016022	0.005913	0.006793	-0.001619	0.001565	0.00329	0.013344	-0.010657	0.011363	0.021698	-0.002908	0.019719	0.001374	0.007998	0.010312	0.006595	-0.00166	-0.002497	DGRP
line	321	-0.051919	-0.004573	-0.000617	0.000881	0.002698	-0.00193	-0.002532	-0.009538	-0.008316	0.010191	0.01504	-0.016868	-0.017229	-0.022118	-0.015743	0.012384	-0.003029	0.018778	0.008759	0.014708	DGRP
line	324	-0.048925	-0.006195	0.009933	0.001287	-0.002475	0.009287	0.010427	0.006127	-0.017188	0.021687	-0.002294	-0.008963	-7.7e-05	-0.047397	-0.012218	0.01006	-0.064762	-0.04504	0.002618	-0.01184	DGRP
line	325	-0.043487	-0.002561	-0.008795	0.006177	0.003868	0.012099	0.011781	-0.021293	0.008502	-0.001954	0.009479	0.015047	-0.009206	0.003094	0.011282	-0.005634	0.028464	0.005413	-0.015454	0.007683	DGRP
line	332	-0.048404	-0.00877	-0.017077	0.012003	-0.000907	-0.004685	-0.002869	0.01571	0.004039	-0.002315	-0.002768	0.001031	-0.000657	0.006689	0.010441	0.016617	-0.002845	-0.009008	-0.001405	-0.014291	DGRP
line	335	-0.046522	-0.000684	0.002318	-0.001668	0.001057	0.006965	-0.007181	-0.006121	-0.002218	-0.008805	0.013016	0.011758	-0.017363	0.012916	-0.000957	-0.000985	0.003583	0.00718	0.000298	-0.004241	DGRP
line	336	-0.045739	-0.006156	0.004841	0.001606	-0.002681	0.008967	-0.007349	-0.007839	0.009678	0.007487	-9.3e-05	-0.010298	-0.018512	-0.015433	-0.024902	-0.004081	-0.00677	-0.033269	-0.000847	-0.00814	DGRP
line	338	-0.047263	-0.00133	0.007627	0.002131	0.000937	0.011409	-0.008681	-0.012259	0.01024	0.003934	-0.00536	-0.018078	-0.019068	-0.015968	-0.021594	-0.002024	-0.007818	-0.031298	-0.002266	-0.007556	DGRP
line	340	-0.047764	-0.003976	-0.009021	0.002434	-0.00504	0.003359	-0.010019	-0.019165	-0.007158	-0.004644	-0.001091	0.001145	0.013834	0.026914	-0.007538	-0.002551	0.026264	0.017134	0.006342	0.00801	DGRP
line	348	-0.053191	-0.003222	0.005671	-0.001496	-0.010092	0.002432	0.017205	0.041001	-0.006166	0.076005	-0.017558	-0.027033	0.025947	-0.140108	-0.004609	0.020019	-0.366262	-0.245496	-0.00162	-0.035191	DGRP
line	350	-0.052629	-0.000989	0.007272	-0.001311	-0.007307	0.003171	0.015449	0.033566	0.004387	0.057519	-0.013682	-0.024385	0.017086	-0.121209	9.2e-05	0.01442	-0.310505	-0.208713	-0.005482	-0.031841	DGRP
line	352	-0.052433	-0.00489	-0.001777	-0.00676	0.004045	0.001622	0.000403	0.013415	-0.001452	0.023746	-0.009223	-0.030849	-0.000528	-0.052077	-0.028958	-0.018652	-0.089715	-0.057307	0.020482	-0.025666	DGRP
line	354	-0.048218	-0.002484	-0.002987	0.00396	0.005246	-0.00555	-0.010706	-0.011362	-0.004211	-0.017272	0.001472	-0.004101	-0.001155	0.033627	0.018633	0.021597	0.087603	0.044204	-0.007959	0.019408	DGRP
line	355	-0.048672	-0.002767	-0.002474	0.003285	0.003344	-0.000414	-0.008318	-0.013827	-0.00363	-0.016049	-0.003315	-0.001518	0.000609	0.029811	0.015588	0.015267	0.087161	0.040137	-0.005562	0.015426	DGRP
line	356	-0.04687	-0.001302	-0.005046	0.007306	-0.004151	0.008787	-0.013517	0.003909	-0.003952	-0.010257	-0.011229	-0.009881	-0.001654	0.010713	-0.000114	0.004731	0.020847	0.01351	-0.007701	0.007183	DGRP
line	357	-0.046512	-0.003756	-0.010088	-0.000584	-0.003851	0.000284	-0.001504	-0.006567	-0.00588	0.007765	-0.00702	0.007934	0.004161	-0.000923	0.009904	-0.014433	0.00914	0.016666	-0.010647	-0.006545	DGRP
line	358	-0.053107	-0.003254	0.007497	0.000208	-0.011505	0.002563	0.013708	0.042826	0.001366	0.072562	-0.016686	-0.02736	0.022861	-0.136916	-0.002686	0.017647	-0.359513	-0.243797	-0.005274	-0.038427	DGRP
line	359	-0.049839	-0.003289	0.005981	-0.003623	-0.004772	-0.006461	-0.004933	0.018363	0.005013	-0.011078	-0.001428	0.000569	0.000613	-0.027046	-0.021433	-0.021729	-0.026226	-0.006446	0.006505	0.003737	DGRP
line	360	-0.049177	0.007126	0.005731	-0.000561	0.000765	-0.003779	0.019225	0.000153	-0.00753	-0.006147	-0.00661	-0.009049	-0.001755	0.017003	-0.004232	0.017174	0.033615	0.014106	-0.022128	0.003467	DGRP
line	361	-0.049566	0.000755	0.00155	-0.000646	-0.002559	0.00081	0.004314	-0.012222	-0.002424	-0.008782	0.002248	0.001922	-0.003089	0.008159	-0.009973	0.001847	-0.001551	0.018536	-0.006244	-0.009598	DGRP
line	362	-0.049126	-0.004956	0.000646	0.001032	-0.003585	-0.004494	0.008862	0.005344	-0.0115	0.011267	-0.00974	0.001548	-0.003285	0.009951	0.001107	0.008316	0.011375	0.000489	-0.006376	0.025379	DGRP
line	365	-0.048414	-0.006753	-0.007231	0.000585	-0.004387	0.004373	-0.001099	-0.002842	-0.000659	-0.001709	-0.015159	-0.014146	0.009775	0.00451	-0.011843	0.00806	0.015762	0.003391	-0.007147	-0.011262	DGRP
line	367	-0.047753	-0.002394	-0.000798	0.006793	-0.004763	0.00362	0.002431	-0.00334	0.010871	0.003952	0.003822	0.012765	-0.021272	0.011446	0.020961	0.002808	0.007533	0.016264	0.004781	-0.000801	DGRP
line	370	-0.049335	-0.002309	-0.004184	0.002998	0.011747	-0.006355	0.000387	-0.004802	0.013412	-0.007581	0.005812	0.032439	-0.003887	0.001673	0.00614	0.004322	0.032909	0.011263	-0.010394	0.018054	DGRP
line	371	-0.046209	-0.002856	8.6e-05	-0.006282	0.013532	-0.004621	-0.010991	0.006769	-0.001742	-0.008711	-0.005322	0.012698	0.002622	0.018812	0.019579	-0.000475	0.029064	0.045532	-0.009752	-0.006778	DGRP
line	373	-0.05023	-0.004415	0.002887	-0.002254	0.005499	0.001313	-0.007813	-0.006698	-0.000714	0.000515	-0.022277	0.005189	-0.007323	0.009985	-0.01587	0.00426	0.019009	0.018026	0.005563	-0.00601	DGRP
line	374	-0.051294	0.003691	0.005057	0.000109	-0.002778	-0.015294	0.002835	0.008642	0.004701	0.016174	0.010095	-0.002838	0.016222	-0.021206	-0.010454	0.000113	-0.044954	-0.042215	0.003583	-0.010606	DGRP
line	375	-0.046132	0.000487	0.001849	0.003954	-0.002089	-0.004957	-0.012361	-0.008156	0.002491	-0.003385	0.017923	0.001347	0.004476	-0.006613	-0.005426	-0.000996	0.010801	0.002424	-0.025428	0.005257	DGRP
line	377	-0.049486	-0.008239	0.003221	0.001369	0.003488	0.014169	0.000592	0.000528	-0.007027	-0.001784	-0.003418	-0.020813	0.004613	-0.001825	-0.023962	-0.000429	-0.019314	-0.010086	-0.006426	-0.007478	DGRP
line	379	-0.045721	0.003807	-0.0098	0.007256	-0.001147	0.002965	0.015198	-0.005018	0.014783	-0.000483	-0.006011	0.005565	0.00876	0.019443	0.002916	0.004848	0.04179	0.008903	-0.008552	0.022251	DGRP
line	38	-0.052714	0.004623	0.002399	0.001132	-0.001946	-0.002156	-0.005312	-0.009979	0.000677	-0.008943	0.001329	0.002844	0.002365	-0.011255	-0.008501	0.017003	0.007696	0.015495	0.016834	-0.01245	DGRP
line	380	-0.045427	0.006944	-0.001031	0.001207	-0.013816	0.000966	-0.013454	-0.010618	-0.001375	-0.005935	-0.010092	-0.004839	-0.007982	0.00686	0.000694	-0.000678	0.008905	-0.008734	0.017428	-0.006465	DGRP
line	381	-0.050886	-0.005685	-0.00174	0.001522	-0.003277	0.002771	0.004644	0.011731	0.001111	0.003338	-0.008435	-0.011236	-0.007436	-0.012293	-0.006366	-0.003985	-0.034328	0.006882	0.012719	-0.012976	DGRP
line	382	-0.046504	-0.006955	0.023702	0.006926	-0.00416	-0.010673	0.004138	-0.005208	-0.013841	-0.007964	0.015677	0.011913	-0.004401	-0.003073	-0.002242	-0.001546	0.033052	0.01834	0.004777	0.021184	DGRP
line	383	-0.050562	-0.001578	0.002621	0.003102	0.004826	0.001354	-0.00461	0.021372	-0.000939	0.012479	-0.018282	-0.005586	-0.008463	-0.014615	-0.009794	-0.00535	-0.023316	-0.015248	0.010858	-0.020226	DGRP
line	385	-0.046696	0.00153	-0.01891	-0.002933	0.007295	-0.019844	0.006271	0.02013	0.004321	-0.108383	0.00512	0.119242	-0.005	0.153437	0.435171	-0.098598	-0.044096	-0.10123	0.057234	-0.005139	DGRP
line	386	-0.049274	0.002478	0.009067	0.005797	0.002667	-0.002109	0.006938	-0.001124	-0.000914	-0.00079	-0.017608	0.004387	-0.012768	0.007304	0.010342	-0.026773	-0.028171	-0.017043	-0.003277	-0.016033	DGRP
line	390	-0.052611	0.002659	0.005	-6.7e-05	-0.007673	-0.000206	0.001559	0.013901	-0.000796	0.018006	-0.014555	-0.005286	-0.011836	-0.017657	-0.002256	-0.000999	-0.064596	-0.040653	0.011476	-0.024235	DGRP
line	391	-0.049027	0.003959	0.00243	-0.00863	-0.00756	0.004015	0.000579	0.001576	-0.01204	-0.016621	-0.001657	0.01668	-0.01198	0.006305	0.028011	-0.005409	0.02522	0.00936	-0.00963	-0.010088	DGRP
line	392	-0.046659	0.005539	-0.006453	-0.004325	0.002314	-0.018772	0.00075	0.010899	0.001353	-0.068546	-0.000585	0.071217	-0.004647	0.09474	0.261605	-0.060799	-0.026702	-0.064999	0.034983	0.007952	DGRP
line	395	-0.049485	0.002896	-0.021342	-0.004881	0.007721	-0.023856	0.008222	0.016893	0.0015	-0.116257	0.006647	0.132959	-0.005251	0.166466	0.460677	-0.10121	-0.046308	-0.102384	0.059675	-0.005724	DGRP
line	397	-0.052374	-0.003954	0.00222	-0.001822	-0.001756	-0.004832	0.001413	0.008267	-0.002256	0.013935	-0.004551	-0.006211	0.00237	0.01101	0.002582	0.005945	0.011577	0.008885	-0.008028	0.007525	DGRP
line	399	-0.050398	0.001138	-0.019868	-0.004246	0.006309	-0.021099	0.00934	0.017466	9.4e-05	-0.107348	0.009474	0.120917	-0.012706	0.159864	0.426761	-0.095628	-0.044147	-0.099898	0.061236	-0.004821	DGRP
line	40	-0.049116	-0.003366	-0.005368	0.010158	-0.008816	0.000195	-0.012224	-0.009321	0.002711	-0.006079	0.005622	0.000751	0.014986	0.018544	0.002401	-0.006401	0.024694	0.013896	-0.008165	-0.001975	DGRP
line	405	-0.05149	-0.004065	0.000738	0.006943	0.000769	0.004724	0.010563	0.001272	0.003602	0.001685	-0.002815	-0.001475	-0.007103	0.007579	-0.014435	0.012094	0.001497	0.022807	0.004448	-0.012794	DGRP
line	406	-0.048899	0.001261	-0.001903	-0.00396	-3.7e-05	0.008048	0.008712	-0.000451	0.01906	0.002441	-0.010114	-0.001238	-0.007031	-0.010148	0.01078	-0.01246	-0.028319	-0.02473	-0.018351	-0.011694	DGRP
line	409	-0.048834	-0.004666	0.002439	-0.00487	-0.004565	0.008009	-0.001498	0.007364	-0.002883	0.009947	-0.006767	-0.016602	0.003073	-0.029774	-0.0228	-0.000452	-0.038833	-0.026584	-0.009582	0.00124	DGRP
line	41	-0.047812	0.00327	0.002177	-0.003072	-0.004225	-0.00029	0.00272	0.016127	0.007817	0.002395	0.006732	0.012428	0.017054	0.007815	-0.010238	-0.000565	0.016943	0.02998	-0.008158	0.000664	DGRP
line	42	-0.046322	0.004043	-0.006231	0.006278	-0.009817	0.004924	-0.004183	-0.005432	0.005736	-0.005835	-0.01125	0.009859	0.012811	0.02618	0.001206	-0.001723	0.028911	0.011563	-0.005837	0.019509	DGRP
line	426	-0.049437	-0.005034	-0.003928	0.000427	-0.004304	0.007033	0.001914	0.003548	0.008613	-0.014612	-0.010551	-0.015449	-0.001998	-0.013383	-0.007589	-0.006181	-0.010988	-0.007416	0.007727	-0.004571	DGRP
line	427	-0.049769	-0.005836	0.005514	0.00301	0.006375	0.008349	-0.012496	0.007793	0.000709	-0.010043	-0.006189	0.020695	-0.011742	0.027723	0.01166	0.000873	0.02397	0.02354	0.006213	0.003575	DGRP
line	437	-0.050257	0.00747	0.002682	0.000823	-0.001679	0.007694	0.027308	0.018482	0.008829	0.015829	-0.028517	0.001254	0.010036	-0.023704	-0.005057	0.014868	-0.036249	-0.049445	-0.00498	-0.011367	DGRP
line	439	-0.050553	0.000498	0.007945	0.002846	0.005604	-0.002711	-0.007815	0.000404	0.00039	-0.000962	-0.005777	0.009802	0.011463	-0.000919	-0.010331	0.003221	0.033467	0.027759	-0.004868	0.020547	DGRP
line	440	-0.05495	-0.005699	0.000625	-0.004398	-0.003869	0.000297	-0.006333	0.008946	0.000959	0.010252	0.002386	-0.006374	-0.003405	0.001568	-0.006917	0.012393	0.01708	0.001542	-0.007234	0.001625	DGRP
line	441	-0.046874	-0.000124	-0.000812	-0.004295	-0.010974	-0.009095	0.004902	-0.006519	-0.002873	-0.013577	0.001917	-0.000751	-0.002433	0.00841	0.005275	0.012998	0.00431	-0.000147	-0.000513	0.025388	DGRP
line	443	-0.049079	-0.000319	0.0037	-0.005341	-0.018647	0.013101	0.001015	0.01533	0.012522	-0.006357	-0.011146	0.00099	-0.005231	-0.004891	-0.021097	-0.009787	-0.004132	-0.021798	-0.000542	-0.022751	DGRP
line	45	-0.048063	0.000195	-0.000227	0.001919	0.004679	0.004253	0.003589	-0.00073	0.003058	0.004511	0.007562	0.000983	0.001613	0.018528	0.013066	0.026547	0.025374	0.037067	-0.021514	0.017776	DGRP
line	461	-0.046946	-0.012582	-0.002338	0.003403	-0.003558	0.00909	-0.000649	0.006832	-0.007513	-0.014888	0.007285	-0.011504	-0.000929	0.017548	-0.005954	0.004263	0.020228	0.037761	0.007943	-0.008651	DGRP
line	48	-0.054671	0.001122	0.003065	-0.002454	0.001353	-0.001925	0.005611	0.002843	0.002431	0.010789	0.002558	-0.023221	-0.002941	-0.02498	-0.017869	0.00104	-0.027696	-0.011305	0.007877	-0.027661	DGRP
line	486	-0.045689	0.004952	0.006319	-0.000353	-0.002721	0.006431	-0.017969	-0.015542	-0.004898	0.011389	0.009739	0.002776	0.007491	-0.000882	0.001723	-0.004616	0.019997	0.012238	-0.00934	-0.004387	DGRP
line	49	-0.043948	-0.001052	0.002433	-0.009578	0.004152	0.001261	-0.001164	0.001268	0.002654	0.012599	0.015931	0.001537	-0.01915	-0.004284	0.005263	-0.00076	-0.008256	-0.006991	-0.001884	-0.008679	DGRP
line	491	-0.051972	-0.008935	-0.001104	0.002256	-0.004265	0.005476	-0.01855	-0.004546	-0.005059	-0.012706	0.00918	-0.007191	0.002355	0.020127	0.001672	-0.000344	0.035613	0.03078	-0.000225	-0.01542	DGRP
line	492	-0.047876	0.000446	0.007981	0.007611	0.0045	-0.001663	0.001933	0.015303	0.013537	-0.010798	-0.010116	-0.001551	-0.010935	-0.019646	-0.00886	-0.018018	-0.026027	0.001062	0.017574	-0.015365	DGRP
line	502	-0.050387	0.000771	0.003139	-0.008557	-0.005314	0.00868	-0.003065	0.0043	0.000106	-0.010017	0.005494	0.002914	-0.023283	-0.010965	-0.01005	0.002214	-0.022697	0.002556	0.003745	-0.003549	DGRP
line	505	-0.044419	-0.00035	-0.000748	-0.003684	-0.003641	0.006536	-0.005764	-0.003178	-0.008011	-0.007537	-0.00851	-0.000374	0.005839	0.004473	-0.002606	-0.000737	0.020203	-0.0037	-0.003853	-0.014419	DGRP
line	508	-0.048021	-0.001967	-0.002171	-0.003925	0.004226	-0.000927	0.005113	-0.002904	0.011584	0.002837	-0.012187	0.022777	0.007371	0.018157	0.00193	-0.001325	0.028202	0.028727	-0.001105	0.006619	DGRP
line	509	-0.045966	-0.001297	-0.008358	0.003427	-0.00721	-4e-04	-0.015919	0.004133	0.003614	-0.005393	-0.005418	0.020009	-0.007385	0.025503	0.013599	-0.017369	0.022756	0.015281	-0.017	0.010328	DGRP
line	513	-0.048366	0.001876	-0.002866	0.001173	-0.002679	0.001183	0.002351	-0.016087	0.010873	0.009266	-0.002878	0.011584	-0.005144	0.007362	-0.000991	0.003353	0.017766	0.017122	-0.002552	0.03143	DGRP
line	517	-0.044958	-0.008754	-0.009232	0.000212	-0.000328	-0.005775	0.005528	-0.017387	-0.000705	0.012039	0.009718	0.000353	-0.003181	0.013054	0.015806	0.013864	0.030225	0.008981	0.000311	-0.001579	DGRP
line	528	-0.046153	-0.004219	-0.000402	0.001842	-0.002586	0.004016	-0.001132	0.000614	0.003298	0.004175	-0.002662	-0.0093	-0.000346	0.007329	-0.009076	-0.005397	-0.008238	-0.013965	-0.004412	0.001804	DGRP
line	530	-0.049581	-0.006821	-0.006467	0.006364	0.00926	-0.002204	-0.00348	-0.006387	0.006645	-0.00373	0.008127	-0.002753	0.007424	0.010636	0.003187	9.8e-05	0.02287	0.023717	-0.018656	-0.004836	DGRP
line	531	-0.048188	-0.007167	-0.001604	-0.004728	0.004663	0.004866	0.0085	-0.016384	-0.008644	-0.000866	-0.006837	0.007798	0.004321	0.022254	0.010625	0.021406	0.03185	0.021195	-0.00447	0.000715	DGRP
line	535	-0.046061	-0.006871	-0.002958	0.009103	-0.003189	0.001591	-0.008187	-0.000462	0.009568	-0.008411	0.003651	0.012281	0.008581	-0.003312	-0.009654	-0.00897	0.021109	0.019709	-0.001524	-0.019988	DGRP
line	551	-0.052698	0.000993	-0.00189	-0.007091	0.000763	-0.001914	0.004891	7.6e-05	0.006083	0.01325	-0.00642	0.002064	0.009941	-0.011925	-0.013358	-0.001143	-0.003814	0.014942	0.001789	-0.00844	DGRP
line	555	-0.049636	-0.003831	-0.005627	-0.00784	-0.004984	0.00881	0.017385	0.003298	0.001544	0.029765	-0.006261	-0.005696	0.008405	-0.02382	-0.000767	0.019209	-0.041089	-0.027892	-0.003651	-0.012456	DGRP
line	559	-0.054751	0.001991	0.004018	-0.000569	0.001132	0.001145	0.00921	-0.003951	-0.000605	-0.004467	-0.003767	0.000728	-0.014052	-0.005043	-0.002813	0.022538	0.012056	0.006267	-0.010827	0.010374	DGRP
line	563	-0.050963	-0.003868	-0.001335	0.005339	-0.009151	0.011272	-0.006972	-4e-04	0.0012	-0.006348	-0.003332	-0.008829	-0.009272	-0.00571	-0.027652	0.00346	-0.005854	-0.004858	-0.000841	-0.00424	DGRP
line	566	-0.049372	0.017988	-0.009057	-0.003774	-0.000456	0.023	0.020445	-0.013065	0.023221	0.020341	-0.012833	-0.008062	-0.005903	-0.031795	-0.004464	-0.003814	-0.00724	-0.006116	-0.011199	-0.002588	DGRP
line	57	-0.048199	0.000875	0.004793	0.001093	0.0045	-0.002246	0.008836	0.000187	-0.014629	-0.015686	0.004532	0.002818	0.004292	0.012295	0.008734	0.002757	0.040678	0.016872	0.013266	-0.012289	DGRP
line	584	-0.056293	-0.003282	-0.000927	7.3e-05	0.000655	0.00387	0.00172	0.002794	-0.000288	0.008577	-0.000309	-0.022931	-0.01418	-0.049723	-0.034734	0.003597	-0.036855	-0.007849	0.000549	0.009859	DGRP
line	589	-0.048779	-0.00596	-0.003101	-0.002057	0.00651	-0.000488	0.000196	-0.018259	-0.006254	0.003042	0.015006	-0.002054	0.010442	0.022066	-0.015392	-0.015483	0.021766	0.018071	0.006771	0.009715	DGRP
line	59	-0.05058	0.0022	0.011979	-0.00113	0.001245	-0.005906	0.002991	0.004993	-0.002039	0.024548	-0.013525	-0.000372	0.003849	-0.036844	-0.00504	-0.008328	-0.073913	-0.047785	0.009566	-0.014434	DGRP
line	595	-0.046414	0.000656	0.019825	0.012345	0.005357	-0.004935	-0.002087	0.013895	-0.015374	0.01004	0.001264	0.010118	-0.01386	-0.018515	-0.01382	0.005766	-0.026448	-0.01183	0.018232	-0.021948	DGRP
line	596	-0.049014	-0.000833	0.005229	0.000273	0.00085	-0.001055	-0.00986	-0.0107	-0.006735	-0.02116	-0.005825	0.001731	-0.014699	0.017924	-0.018691	0.009542	0.022798	0.038889	-0.018205	-3.9e-05	DGRP
line	627	-0.049401	-0.005649	-0.001069	-0.001826	-0.001191	0.007193	-0.00498	0.010325	-0.001192	-0.001202	0.001857	-0.004539	-0.014508	-0.025031	-0.013888	-0.018772	-0.02959	-0.010723	-0.000813	-0.016341	DGRP
line	630	-0.049051	-0.002828	0.002701	-0.00731	-0.001991	0.008514	-0.007871	0.017587	0.008458	0.003075	-0.010822	-0.010477	-0.014317	-0.031031	-0.014748	-0.01056	-0.033677	-0.018049	0.002457	-0.019901	DGRP
line	634	-0.05152	0.002549	0.005144	-0.00224	0.005672	-0.013252	-0.010601	0.012212	-0.000941	0.011547	0.011088	-0.018569	0.001099	0.007195	-0.008256	0.010177	0.025616	0.011527	-0.007976	-0.002321	DGRP
line	639	-0.04656	-0.030632	0.001582	-0.00273	-0.004861	0.014104	0.003895	0.011095	-0.019119	0.012843	0.000424	0.003062	0.005925	0.02979	-0.012343	0.003136	0.011576	0.002088	0.005484	-0.01072	DGRP
line	642	-0.047618	-0.003447	0.003223	-0.002495	-0.009325	0.003184	0.012786	-0.007611	-0.009365	0.002772	-0.021041	-4e-04	-0.008886	0.010241	-0.017792	-0.009401	0.01266	0.033912	-0.001361	0.000666	DGRP
line	646	-0.052632	-0.000619	0.000257	-0.0115	0.007556	0.004003	-0.006843	-0.008137	0.013309	-0.0015	0.001881	-0.012515	-8e-06	-0.001829	-0.011533	0.001994	0.023832	0.028517	0.011517	-0.012705	DGRP
line	69	-0.04856	0.003578	0.000711	-0.00046	0.000617	-0.004027	-0.001653	-0.012481	-0.000219	-0.013553	-0.002938	-0.006015	-0.006572	0.01797	-0.017909	0.000831	0.015019	0.015393	-0.006182	0.010397	DGRP
line	703	-0.045528	0.001393	0.000527	-0.004557	0.002617	-0.003027	-0.002733	-0.01251	-0.001514	-0.022171	-0.010156	0.015995	-0.00397	0.022055	-0.002829	0.010021	0.009131	0.00569	0.004515	0.001104	DGRP
line	705	-0.047379	-0.003413	0.000688	0.000327	0.012045	-0.001827	-0.002495	0.004706	-0.004204	0.001177	-0.005904	-0.011551	0.001103	0.022216	-0.012202	0.00296	0.024005	0.026242	0.003016	-0.000891	DGRP
line	707	-0.046352	-0.008758	-0.002852	-4.3e-05	0.000387	0.000709	0.004735	0.003275	-0.002006	0.005419	0.003193	-0.012165	0.012585	-0.007852	-0.010019	0.013508	-0.015036	-0.018704	-0.002834	-0.016615	DGRP
line	712	-0.052388	-0.003286	-0.001721	-0.005307	0.00566	0.001444	-0.005008	-0.000312	-0.012128	0.032747	0.001482	-0.037354	0.004244	-0.039805	-0.042652	-0.024139	-0.081101	-0.048967	0.02179	-0.013333	DGRP
line	714	-0.049501	-0.002527	0.000424	-0.002058	-0.003448	0.001952	0.008106	0.002792	-0.000195	-0.00271	-0.014982	-0.007649	0.003615	-0.013136	-0.018805	0.001865	-0.031337	-0.022678	0.003849	-0.029256	DGRP
line	716	-0.047137	0.002242	0.02273	0.00999	0.002506	-0.005316	0.013546	-0.002411	-0.01176	-0.010701	0.003289	0.00791	0.006045	0.000681	-0.001837	-0.009503	0.030472	0.019475	0.008223	0.010338	DGRP
line	721	-0.046692	0.001909	0.00537	0.006797	-0.00922	-0.008929	-0.003928	-0.005882	-0.015969	0.009235	0.014453	0.006484	-0.004777	-0.000719	0.027942	0.006534	0.020305	0.003164	-0.013687	0.018473	DGRP
line	727	-0.050682	-9e-05	0.004145	-0.004112	-0.005288	-0.007601	0.007948	0.007799	0.012988	0.008621	0.002397	0.010994	-0.002025	0.018136	-0.002288	0.013685	0.028913	0.029691	0.004636	0.025215	DGRP
line	73	-0.046661	-0.005402	-0.006249	-0.004399	-0.004009	0.005452	-0.007212	-0.012121	0.001178	7.1e-05	0.006267	0.00359	0.003545	0.001121	-0.017612	0.005989	0.028842	0.016242	-0.00647	-0.002629	DGRP
line	730	-0.047237	-0.003742	-0.002071	-0.005706	0.004069	0.005771	0.001216	-0.006187	-0.006702	0.002041	-0.009576	-0.012801	0.01674	0.006748	-0.023739	-0.00711	0.019424	0.016822	-0.000101	0.017123	DGRP
line	732	-0.051829	-0.003823	0.001764	-0.003393	-0.003816	0.002816	-0.012243	0.000227	-0.010068	0.001622	0.002027	-0.000939	-0.00705	0.003816	-0.013838	0.005517	0.018001	0.005315	-0.001671	0.009879	DGRP
line	737	-0.050044	0.008617	0.000457	0.001074	0.001687	0.000264	0.014128	-0.002602	0.005029	0.015271	-0.005516	-0.010216	-0.019967	-0.013121	-0.011555	0.011648	0.015805	0.014157	0.002598	0.0133	DGRP
line	738	-0.052767	0.006506	-0.002652	0.007943	-0.005629	0.015803	0.009904	-0.00317	0.005738	0.020785	-0.009505	0.009155	0.00537	-0.011843	-0.006969	0.008228	-0.024095	-0.009482	-0.007216	0.000789	DGRP
line	748	-0.053643	-0.007151	0.001591	0.000258	-0.00159	0.001791	-0.002452	0.001844	0.001134	0.012362	0.001373	-0.028791	-0.015511	-0.057342	-0.051877	-0.001294	-0.048498	-0.001277	0.013809	0.009844	DGRP
line	75	-0.046462	0.008076	0.01676	0.01816	-0.000454	-0.003055	0.023451	-0.006164	0.005216	0.010562	0.01398	0.017147	-0.005413	-0.008568	0.010538	0.009006	0.029425	0.01446	0.002982	0.001552	DGRP
line	757	-0.0463	-0.001345	0.001417	-0.004221	-0.00407	-0.013673	-0.007291	0.002304	0.01159	-0.005235	-0.010699	-0.002462	0.003699	-0.00159	-0.000844	-0.000749	0.017456	0.006567	-0.00092	0.010394	DGRP
line	761	-0.048067	-0.001423	-0.00291	0.00055	0.004196	-0.00221	-0.003481	-0.024357	-0.003257	0.001437	-0.000879	-0.001135	0.02359	-0.010812	-0.006402	0.034466	0.017767	0.011393	0.007297	0.025199	DGRP
line	765	-0.04958	0.000428	0.004695	-0.00354	0.009912	0.006168	0.004834	-0.004276	0.011324	0.000246	-0.015223	-0.00283	-0.00445	0.014956	-0.007441	0.007881	0.0356	0.042286	-0.017887	0.012229	DGRP
line	774	-0.050419	-0.006293	0.005456	0.004836	0.002467	0.004765	0.000348	0.00079	0.010906	0.005335	0.001473	-0.004101	-0.015013	-0.003293	-0.018449	0.002816	0.014146	0.017463	-0.018822	0.002814	DGRP
line	776	-0.054571	-0.005037	-0.004842	-0.002753	0.002791	0.010159	-0.015911	-0.015179	0.000517	0.009705	0.005579	-0.009801	-0.006416	-0.009879	-0.001978	-0.00042	0.018017	0.005848	-0.01112	-0.000694	DGRP
line	783	-0.04759	0.00087	0.010231	0.003452	-0.002666	0.004738	-0.000317	-0.005602	-0.000965	0.001745	0.013293	0.003135	0.008365	0.007664	-0.020088	0.005445	0.02002	0.010675	0.010787	0.00981	DGRP
line	786	-0.047902	-0.006287	-0.01102	0.003083	-0.003797	0.004513	-0.013411	0.001773	0.002992	-0.011776	-0.001999	-0.00164	0.002571	0.011485	0.018877	-0.011569	0.012164	0.017154	-0.001255	0.000198	DGRP
line	787	-0.051771	-0.002845	-0.002331	0.000898	-0.002341	-2.3e-05	-0.010832	-0.003282	0.001798	0.000755	0.000138	-0.000758	-0.005244	-0.001188	-0.004519	-0.00282	0.001133	0.021103	0.009247	0.003128	DGRP
line	790	-0.05175	0.000533	0.005749	-0.000913	-0.001248	0.003992	-0.0023	-0.025253	-0.005971	-0.004596	0.01312	-0.021897	0.012676	0.005073	-0.045563	-0.012773	0.027176	0.017789	-0.000521	0.017616	DGRP
line	796	-0.051224	-0.001431	0.000281	-0.002811	-0.011794	0.010158	-0.001187	-0.001454	-0.008749	-0.001989	-0.000438	-0.001168	0.010262	-0.004952	-0.016995	0.003564	0.006312	-0.007066	0.012163	-0.004605	DGRP
line	799	-0.054006	-0.0017	-0.0022	0.001438	0.00422	-0.002358	-0.00778	-0.010155	-0.00335	0.009917	0.016874	-0.018827	-0.009878	-0.023439	-0.036146	-0.002856	-0.002065	0.025593	0.006467	0.016821	DGRP
line	801	-0.051936	-0.004084	0.002356	0.005266	0.000894	0.005305	-0.005028	-0.002783	-0.004239	0.022226	0.003816	-0.031579	-0.011657	-0.035218	-0.049669	0.006932	-0.023594	0.01012	-0.009439	0.005528	DGRP
line	802	-0.056154	-0.005471	0.00553	0.002135	-0.001013	0.01388	-0.003876	0.010085	0.002091	0.018178	-0.005799	-0.030471	-0.011661	-0.034725	-0.037699	0.006099	-0.048503	-0.006004	-0.00174	-0.009269	DGRP
line	804	-0.047693	-0.00464	0.00397	0.002054	-0.004016	-0.001813	-0.006937	-0.004181	0.004332	-0.007092	0.004424	-0.010126	0.003538	0.012372	-0.005639	-0.007804	0.022596	0.019974	-0.009921	0.002215	DGRP
line	805	-0.048262	-0.000497	-0.00319	-0.001871	0.004712	-0.004543	-0.002975	-0.021117	0.002268	0.001127	0.010137	-0.012188	0.016108	0.009679	-0.025194	-0.005495	0.026803	0.012415	-0.001117	0.022562	DGRP
line	808	-0.048575	-0.002669	-0.001375	-0.003063	0.005401	-0.004847	-0.011748	-0.000414	0.009513	-0.007168	0.000734	0.008259	0.015255	-0.002076	-0.008483	-0.008817	0.039211	0.049317	-0.002387	0.019887	DGRP
line	810	-0.052271	0.000407	-0.008298	-0.002736	-0.004469	0.009207	0.005489	-0.016085	-0.000876	0.029162	0.005223	-0.009598	0.001596	-0.026975	-0.015827	0.006503	-0.050929	-0.035076	0.0043	-0.01244	DGRP
line	812	-0.05	-0.005375	-0.003678	-0.007914	-0.003096	0.00708	-0.003596	0.001294	0.006814	0.012539	-0.000644	-0.016323	-0.013243	-0.002783	-0.017854	-0.006187	-0.029554	-0.024469	8.8e-05	-0.018583	DGRP
line	818	-0.05085	-0.003394	0.00264	-0.001639	-0.00359	0.003402	-0.003683	-0.001819	-0.006212	-0.013281	-0.006276	-0.003628	0.004026	-0.000856	-0.001097	-0.00649	0.041545	0.017737	-0.007276	-0.020949	DGRP
line	819	-0.049848	0.002686	-0.002033	-0.007912	-0.009747	-9e-04	-0.005347	-0.00483	-0.009278	0.023119	-0.004688	-0.01762	-0.003605	-0.006342	-0.025787	-0.02759	0.000778	-0.008343	0.014397	0.009835	DGRP
line	820	-0.051829	-0.004946	-0.018726	0.009609	0.004168	0.004814	-0.010042	0.003055	0.007674	0.009755	-0.007231	0.016225	0.034284	-0.019523	-0.006478	-0.003248	-0.016616	-0.027202	0.003099	-0.00877	DGRP
line	821	-0.044293	-0.012215	-0.011511	0.002667	-0.004326	0.004947	-0.007615	-0.016109	-0.003253	0.002661	0.003702	-0.017456	0.006881	-0.007283	-0.024317	0.001853	0.023335	-0.004561	-0.014421	0.025573	DGRP
line	822	-0.049877	-0.002046	0.004253	-0.004941	-0.006774	0.007207	0.000833	-0.00278	-0.017382	-0.025227	0.000831	0.000522	0.008553	0.010345	0.005429	-0.002163	0.046027	0.014412	0.019472	0.011918	DGRP
line	83	-0.045697	-0.000368	-0.008685	-0.003152	0.001291	0.001041	-0.000562	-0.002439	-0.005475	-0.015391	-0.008424	0.015241	0.016397	0.01218	-0.004523	0.00692	0.03043	0.019726	0.005193	0.003997	DGRP
line	832	-0.046352	0.000881	0.006979	-0.005127	-0.010452	0.011113	-0.005476	-0.006703	-0.021565	-0.036288	-0.002913	-0.005751	-0.004226	0.006972	0.011484	-0.001267	0.046557	0.021304	0.01159	0.013962	DGRP
line	837	-0.048199	-0.006084	-0.003449	-0.01242	0.007256	-0.009496	-0.006253	0.008313	0.014605	-0.00025	-0.005542	-0.011707	-0.00265	-0.012134	0.00456	0.009374	-0.031608	-0.031476	0.000919	-0.018419	DGRP
line	843	-0.048251	-0.001315	0.004499	0.002126	-0.005674	-0.005009	0.007662	-0.018218	0.010375	0.012305	0.032285	-0.019307	0.003122	0.026967	0.006966	0.029075	0.04682	0.017878	-0.054147	0.073572	DGRP
line	849	-0.049791	-0.000711	-0.001516	-0.003623	-0.019468	-0.000245	-0.003079	0.005175	0.011503	-0.003442	0.008699	-0.015341	-0.009398	-0.01801	-0.012556	-0.013922	-0.011157	-0.006583	0.001816	-0.009942	DGRP
line	85	-0.047922	0.002939	0.022984	0.016138	-0.002993	-0.001018	0.009581	0.002758	-0.002906	0.006375	0.004625	-0.007299	-0.008885	-0.015921	-0.013875	-0.000594	-0.019628	-0.001961	0.002781	-0.014548	DGRP
line	850	-0.049831	-0.003576	-0.001897	0.001622	-0.003247	0.008506	-0.011544	-0.012729	-0.008953	-0.012437	0.01421	0.014301	-0.015036	0.006416	-0.022056	-0.002789	0.047938	0.050598	-0.013117	-0.005104	DGRP
line	852	-0.047326	0.003596	0.004638	-0.002198	-0.008088	0.012354	-0.00721	-0.017693	-0.009333	-0.014008	-0.013948	-0.015314	-0.006945	0.007629	-0.005107	0.000962	0.027348	0.019208	-0.000334	0.012717	DGRP
line	853	-0.051378	-0.006472	0.003466	0.003624	-0.004962	0.004941	-0.008059	0.002182	-0.000102	-0.005433	0.000301	-0.001228	-0.01576	0.006534	-0.01061	0.000211	0.028644	0.035898	-0.002362	0.002211	DGRP
line	855	-0.046972	-0.004259	-0.004799	-0.007456	-0.006136	-0.011656	-0.010227	0.0015	0.000817	0.014289	-0.014973	-0.00762	0.006304	-0.007338	-0.003653	-0.021765	-0.015264	-0.028607	-0.000615	-0.021953	DGRP
line	857	-0.046349	-0.005793	-0.002936	-0.003534	-0.003017	0.002245	0.00031	0.000353	0.007321	-0.008553	0.004213	-0.011752	-0.00399	0.011239	-0.014196	0.006741	0.020174	0.012491	-0.011969	-0.000948	DGRP
line	859	-0.048445	-0.006914	0.004583	0.002883	-0.001551	0.009379	-0.011093	0.000656	-0.00419	-0.006169	0.001921	-0.006931	0.000892	0.008036	-0.017212	-0.004811	0.058424	0.045825	-0.008421	-0.003713	DGRP
line	861	-0.04884	0.001061	-0.005046	0.002932	-0.012467	0.001472	0.000562	0.005386	-0.013258	0.008453	-0.000361	-0.019154	0.001852	-0.026449	-0.024709	0.000969	-0.061684	-0.040426	-0.003148	-0.020476	DGRP
line	879	-0.050089	0.002222	0.00455	-8.7e-05	-0.003498	-0.012528	-0.002643	-0.026849	0.015968	0.008628	0.031845	-0.023958	0.009462	0.026372	-0.003052	0.017927	0.033676	0.026897	-0.040504	0.061067	DGRP
line	88	-0.050079	-0.006689	0.002986	-0.002282	0.001809	0.002697	-0.001627	0.007861	-0.001808	-0.00736	-0.008257	-0.010519	-5e-06	-0.003822	0.006835	0.005393	-0.004082	0.001575	0.005454	-0.013436	DGRP
line	882	-0.046726	0.000569	-0.003352	-0.004178	-0.002644	0.00141	0.00162	-0.03016	0.004462	-0.013447	-0.00407	-0.004256	0.011998	0.001167	-0.006299	0.018546	0.057961	0.014386	-0.012447	0.012668	DGRP
line	884	-0.048895	0.000401	-0.006962	0.001372	-0.004299	0.007076	-0.000628	-0.00587	-0.007395	0.014734	0.012154	-0.008525	-0.008801	-0.010794	-0.000626	0.022253	-0.005667	0.022639	0.008045	0.00273	DGRP
line	887	-0.049891	-0.004771	0.00086	0.000458	-0.001786	0.003658	-0.002313	-0.016659	0.009585	-0.003806	0.00526	-0.00877	0.0095	0.001746	-0.003786	0.021855	0.05801	0.024092	-0.01048	0.026949	DGRP
line	890	-0.047799	0.000586	0.005211	-0.002346	-0.007618	-0.004203	0.006428	0.000628	-0.003616	-0.018904	-0.001353	-0.000587	0.002731	-0.003352	-0.028393	-0.003412	0.000586	0.013282	0.006839	-0.002149	DGRP
line	892	-0.046801	-0.009799	-0.002605	0.000502	0.00572	-0.005647	0.001576	-0.017236	-0.013251	-0.001846	0.014693	-0.004288	-0.002839	0.017963	-0.010873	0.010196	0.025572	0.030053	0.028536	-0.011856	DGRP
line	894	-0.048533	5.1e-05	0.006511	-0.007408	-0.009597	0.012432	-0.001921	0.010909	-0.001927	-0.012261	-0.002362	0.007485	-0.021365	-0.012391	-0.020987	-0.001346	-0.030414	-0.017467	0.006823	-0.004595	DGRP
line	897	-0.04805	-0.006352	0.007909	-0.004665	-0.006356	-0.005007	0.002587	0.01213	-0.008418	-0.005172	0.009842	0.00686	0.005566	0.030559	-0.009742	0.019008	0.033952	0.026015	0.005102	0.016363	DGRP
line	900	-0.052952	-0.00298	0.005051	0.000646	0.000558	0.005866	0.003669	-0.002684	-0.009146	-0.015649	0.009637	-0.005742	-0.003557	0.017366	0.002333	0.003746	0.030573	0.033067	0.010285	0.010348	DGRP
line	907	-0.054653	0.004227	0.000714	-0.004409	0.000955	-0.004479	0.010047	-0.000839	-0.001479	0.014161	-0.00885	-0.009702	-0.015543	-0.012331	-0.018764	0.024854	0.017355	0.0252	-0.005698	8.4e-05	DGRP
line	908	-0.049217	-0.007211	0.010843	0.010949	-0.004828	0.005335	0.008418	0.019836	-7e-04	0.010214	0.002948	-0.010191	0.003562	-0.009226	0.000868	-0.000925	-0.024801	-0.034091	-0.007415	-0.00074	DGRP
line	91	-0.043321	-0.001932	-0.002728	-0.003231	0.008481	0.00511	0.006949	-0.021299	0.00297	-0.010452	0.013853	0.011319	0.006621	0.006607	0.020959	0.004683	0.020696	0.014404	-0.012107	0.020264	DGRP
line	911	-0.049191	-0.001341	-0.002773	-0.003216	-0.012749	0.008259	-0.009401	-0.009732	-0.004517	-0.002474	-0.00968	-0.007849	-0.005877	0.000954	-6.6e-05	-0.0066	0.017633	0.024115	-0.006429	0.003587	DGRP
line	913	-0.054522	-0.006043	0.002126	-0.000236	-0.002468	0.009373	0.001657	-0.000986	0.001094	0.000908	-0.006191	-0.021326	0.00283	-0.024603	-0.023541	0.011093	0.005025	0.006082	-0.00566	-0.004219	DGRP
line	93	-0.049196	-0.000629	0.006657	0.004923	0.000937	-0.0047	0.001732	0.013298	0.002065	0.005416	0.005438	0.002844	0.000648	-0.011732	-0.010558	0.008135	-0.029809	-0.015311	0.004514	-0.01561	DGRP
