IID	FID	Fit_mean_male	Fit_mean_female	Fit_pred_male	Fit_pred_female	Fit_mean_conc	Fit_mean_antF	Fit_pred_conc	Fit_pred_antF
H001	H001	-0.321258735313556	-0.84346229304525	-0.124690784933829	-0.473520892810746	-1.42065591816793	-0.543520371195283	-1.56685017971989	-0.394315806369051
H002	H002	-0.498130186895322	-0.0685144473605092	-0.150629851189199	-0.0527504848344316	-0.761037628379287	0.597681117838448	-0.816920357405122	0.59570824875005
H003	H003	-0.0181125855429897	-1.2288781564787	-0.0640292382735801	-0.690539891972139	-1.45576848809285	-1.4040351829164	-1.73481030654753	-1.12376443716711
H004	H004	-0.798967500145387	0.371530600408415	-0.208523695946469	0.176806466143031	-0.65930831659797	1.51852620252496	-0.610227954823184	1.33827106795551
H005	H005	-0.747981397141902	-1.06672738329779	-0.248048013140072	-0.632770482601757	-2.26100439652523	-0.221994149956578	-2.4670141880215	-0.152674678916554
H006	H006	-0.0849481643459969	-0.507447573630809	-0.0399613393302422	-0.282455517668617	-0.708529672976732	-0.474817356628608	-0.77967549770886	-0.391404175227046
H007	H007	0.236431803169922	0.412788466594258	0.0830959167842885	0.239667712823105	0.798214709595127	0.156877991486451	0.869370904358005	0.118613658619528
H008	H008	0.933911813572412	-0.463091014385615	0.26060734070927	-0.233920707897715	0.730077190743479	-1.81034867835712	0.711718960573651	-1.68209932374215
H009	H009	-1.01774804674104	-0.676943128145549	-0.320919039740149	-0.406605788121732	-2.17537357751298	0.598153658664478	-2.33665059379446	0.652189417871492
H010	H010	-0.0906144405405234	0.206559703680294	-0.0186785243379389	0.121186465635508	0.113359498157753	0.362499874790128	0.153384818964684	0.344660571629644
H011	H011	0.167468337573872	-1.36954753693376	-0.000211669430336968	-0.761308915187705	-1.36656326058614	-1.82012718610584	-1.58578054204984	-1.56543558996571
H013	H013	-0.629727427026223	-0.586264315577355	-0.202852180069671	-0.337720845643175	-1.54176544962516	0.175264484448494	-1.64780687502793	0.248196107998546
H014	H014	0.0157271490965979	-0.412333660699083	-0.00640807283348739	-0.227029320209957	-0.460958372769961	-0.501363439974111	-0.509791376726653	-0.432091980709236
H015	H015	-0.589394344200789	-0.754186798572054	-0.165819797784793	-0.438495546718267	-1.68196495997727	-0.074753399014613	-1.68477928028755	-0.131551219306091
H016	H016	0.0601874004983041	-0.528040770382113	0.00246409600975273	-0.286493964722907	-0.53487027704571	-0.696331116211884	-0.591678571510539	-0.596100734949307
H017	H017	-1.03288256025299	-0.673010185658128	-0.314254851612725	-0.410397471155973	-2.19140792632959	0.623327358806159	-2.31364805610644	0.613507655902567
H018	H018	-0.750259009504381	-0.391397645821496	-0.230804965261959	-0.250216245447331	-1.47944125442724	0.565770444316724	-1.59625071280254	0.558485659059693
H019	H019	0.347965624771966	-0.658151904682732	0.0863926870486059	-0.36122528641436	-0.294266735180246	-1.23928623618457	-0.357766503063927	-1.13903893849932
H020	H020	-0.00709548420014021	-0.132541653795961	-0.000716196792994045	-0.0829625259041675	-0.166939345380987	-0.145203254925448	-0.185579349547938	-0.160564448712638
H021	H021	0.47681071883063	0.399714382807148	0.153273073711507	0.245628828037471	1.11027419789602	-0.185562984813815	1.20647889979953	-0.193844158638241
H022	H022	0.385197968276283	-0.530099650250923	0.103201170051876	-0.290099894135677	-0.0947952923138133	-1.14119051528936	-0.132918603323329	-1.06977180606716
H023	H023	0.492796617366012	-1.10591492029116	0.108780014723656	-0.611570132313311	-0.617349485051126	-1.95671285636081	-0.77176525519581	-1.7602567250314
H024	H024	-0.501432377410738	-0.424834259025601	-0.157811540818983	-0.254136477427875	-1.17954027207846	0.188169633869735	-1.26653939654165	0.212563547776905
H025	H025	-0.190632590747621	-0.322943947664627	-0.0667249339009377	-0.194266426329415	-0.638033453438551	-0.11656500843477	-0.721200469097647	-0.085203008663307
H026	H026	-0.603234772949394	-0.0326154202140787	-0.141579330201268	-0.0314059850171056	-0.862415315560142	0.78248077784723	-0.730902672070354	0.59795353180619
H027	H027	0.178560361792697	-0.32284999615893	0.0369895020692713	-0.173438256556321	-0.135307499308536	-0.619072638543818	-0.198141660180901	-0.52213395766034
H028	H028	-0.233012287764233	-0.697925839468668	-0.083302534105049	-0.398628577883405	-1.13141937301458	-0.494560061425064	-1.22045763725027	-0.43101648059502
H029	H029	0.032371774007394	-0.178933744460738	0.014059962159625	-0.0988229360344121	-0.167111736278778	-0.252836563359891	-0.149987333240701	-0.261741833146247
H030	H030	-0.488575365976854	0.362564567255561	-0.128998251262074	0.187888346398321	-0.247160172114758	1.08554283676957	-0.219268083838461	0.993136569083305
H031	H031	-0.751695398954995	0.59770387050368	-0.196301813969206	0.308565821010419	-0.332162262139221	1.7169604183986	-0.281241407824356	1.5541308220364
H032	H032	-0.528769394045629	0.0262138470654451	-0.153223309019878	-0.00125042947489973	-0.692685078771313	0.749457686810882	-0.722442451413767	0.714191423937959
H033	H033	-0.291614166414555	0.718649491579329	-0.0489074495818942	0.397332239956794	0.434715623567656	1.23113533877125	0.584437831343327	1.05551512133019
H034	H034	0.174924571301418	0.715707821121929	0.0738722506704509	0.403774484237204	1.06644039090268	0.592574732905985	1.1659874374134	0.500605240161365
H035	H035	-0.284037647973745	-0.0739636148675617	-0.0899949894595191	-0.0597162241042363	-0.475904865412771	0.299885607721321	-0.550701835219854	0.300685264982083
H036	H036	-0.704430044468405	0.721759248222276	-0.175539079543722	0.38840645117907	-0.123675906556287	1.7967533052304	-0.0200736010490321	1.62311696954421
H037	H037	0.598880403880317	0.483326614055155	0.188617231559691	0.283791740208044	1.37360787703542	-0.254598995250307	1.44895810091864	-0.278513528679376
H038	H038	-1.60569072895954	-1.11987832355262	-0.50471284202565	-0.68634030333932	-3.49044002748562	0.883929602098823	-3.76563002471063	0.924421261081054
H039	H039	0.473974882634332	0.36943487083815	0.158991091161816	0.225928231316784	1.07123182332833	-0.216883982891776	1.19220954972247	-0.261039971039653
H040	H040	-0.329963450026846	-0.297494130076703	-0.114008110791779	-0.17769824681097	-0.798147467279576	0.102689159333981	-0.905772994619963	0.16788162619147
H041	H041	0.630136086737677	0.146348620250213	0.196116599556213	0.1092915768281	1.02462529668996	-0.688684126688244	1.12287226118407	-0.674014164918807
H043	H043	-0.262682458452262	-0.577575974616256	-0.0865036191047957	-0.339113914560603	-1.03197794757065	-0.314333096006737	-1.11222100411364	-0.29315032881692
H044	H044	0.244358506233725	0.261367956855732	0.0680907597754693	0.160723978403131	0.633070972574703	-0.0298484655647837	0.636703818663451	0.024835599410084
H045	H045	0.295234450748853	-0.654507941516812	0.0660590643603666	-0.36458670348348	-0.361820688018238	-1.16326446066789	-0.458821387453674	-1.05188405884426
H046	H046	-0.0383730367670315	-0.803586072665955	-0.0380882438180535	-0.455412933010299	-0.989205161827752	-0.882306973730037	-1.12861021227921	-0.757676423289957
H047	H047	-1.28380094970898	0.347919450104023	-0.367971630110219	0.147030810918331	-1.34679103457	2.15114145205293	-1.4097234467824	2.0146393965514
H048	H048	0.897455390416267	1.94998447504982	0.294440123551808	1.01169008695	3.484191807052	1.0430289944795	3.44369986228852	0.736722424121782
H049	H049	-0.0462854587318938	-0.241050797330031	-0.0138683859999994	-0.137461680870819	-0.346368804106775	-0.217926780361542	-0.359129670179184	-0.212376972529408
H050	H050	-0.138193083277463	0.660212314043945	-0.00649363442076505	0.373969078751117	0.575684045148819	0.954370907548579	0.73242556530619	0.810916926749528
H051	H051	-0.30966366268769	0.335625359887026	-0.0771390117273874	0.170159841126609	-0.0348915826793955	0.810673057169998	-0.015916410793235	0.716474651534485
H052	H052	-0.305205534617486	-0.918817534398767	-0.125017671353023	-0.523970512178999	-1.48635625839691	-0.652930149438137	-1.67267170315211	-0.497111640932679
H053	H053	-0.113349879475209	-0.240860279076498	-0.0342542798192624	-0.137535990740212	-0.437448490900572	-0.126404368239712	-0.453630106929193	-0.118183819140899
H054	H054	0.170047999732659	0.152846738642613	0.0579393869513263	0.0975961470031352	0.405814629285995	-0.0547731655144182	0.459200917339616	-0.058705320162814
H055	H055	-1.46499817596442	1.3809797578917	-0.370307834988397	0.728817738243524	-0.393161625790651	3.59813222092769	-0.217643854348384	3.22834310268241
H056	H056	0.465869887023879	0.0645699215137318	0.139990057051055	0.0511893347998504	0.705975944138779	-0.560071689512818	0.742985106954284	-0.534389204484614
H057	H057	-0.488336047407626	0.744891810194167	-0.114690467297033	0.397595975791381	0.19739066526008	1.52944206077675	0.280536485844777	1.36050705727738
H058	H058	-0.780616426538382	0.744954738624947	-0.196619774402327	0.397267185906622	-0.200444752494321	1.92742371129176	-0.0993156777036852	1.73899962132929
H059	H059	-0.177402042973827	0.180537875056381	-0.0502788725601448	0.106625813948137	-0.0350272527467663	0.450417235492443	-0.0229682824225665	0.460803016846342
H060	H060	0.780720693620605	-0.534056068929048	0.203631620113976	-0.27865780494699	0.439069722086559	-1.68424943486483	0.355535294571904	-1.51091080949167
H061	H061	0.0967787709884112	-0.179984028592011	0.0159274391738188	-0.0897200055347225	-0.0806488079877567	-0.341740136460123	-0.122523522181519	-0.251563550277956
H062	H062	0.72120307092643	0.537200830919984	0.226609745867322	0.328229001947599	1.60273344247205	-0.358531935352231	1.71666673637586	-0.36246688001824
H063	H063	0.85816056594963	0.0144889698375447	0.251542313750088	0.0378280312148526	1.18184889726563	-1.15232249803075	1.23162817936476	-1.07828343415232
H064	H064	0.469500409596254	-0.389314456770016	0.12067409735023	-0.188869502419587	0.183551432629623	-1.09238133884212	0.15724890079523	-0.941335222917119
H065	H065	0.67008755761011	-0.091902156199783	0.194181234395119	-0.0321679306153808	0.802192000874736	-1.01989674774352	0.821436305244083	-0.957536214129284
H066	H066	0.102168564434628	-1.35586756901409	-0.0309280770756956	-0.766820028734872	-1.43956721151404	-1.7153337967782	-1.73933207442555	-1.43467340589872
H067	H067	-0.22640377987488	-0.221357818363603	-0.0793549772125911	-0.136061187596645	-0.568699448901448	0.0501663066725049	-0.659308802864383	0.0935934269761897
H068	H068	-0.0117235397863591	-0.43399985812101	-0.018059224342874	-0.247972492772083	-0.523503453736563	-0.48916615604513	-0.607015115537989	-0.421471657001391
H069	H069	0.360916893233151	-0.654688122625328	0.0827167542252527	-0.36122542155606	-0.272610406390661	-1.25289344621959	-0.374779157990988	-1.12202684240511
H070	H070	0.20357140830983	-0.715325054473461	0.035974187949347	-0.395719473096995	-0.557273380523701	-1.10913825937479	-0.662425017637202	-0.977019480118314
H071	H071	0.339777242281195	-0.577430839613917	0.0730641943384479	-0.31315561254217	-0.211624747924162	-1.13434903168861	-0.320063392985771	-0.977966151186882
H072	H072	0.371807366325416	-0.710720378272872	0.0828372048736794	-0.387669480474954	-0.32288792220003	-1.33282339505963	-0.428896943360212	-1.17725952935714
H073	H073	0.273907801441434	-0.0739736520534259	0.0646764759233541	-0.0369314874136458	0.283666638968493	-0.459709221020322	0.212233662430667	-0.368031651229283
H074	H074	0.452852446120253	-1.37655643616222	0.0882884705340449	-0.75568636521175	-0.98618688446061	-2.21679080585515	-1.16457300261868	-1.96339297338239
H075	H075	0.449742994606651	-1.12661398665454	0.0881692905232556	-0.612889844528666	-0.700012587752053	-1.92215013656681	-0.869881186977981	-1.66759801729036
H076	H076	-0.300499881126733	-0.18536245115669	-0.0918245424252231	-0.114703120600606	-0.627750457032714	0.192863162163871	-0.672858952572263	0.195462647559279
H078	H078	-0.555214246618015	-0.622851476897229	-0.179109631791955	-0.37064500580934	-1.48283423679031	0.0313122161675529	-1.60599870943927	0.0702412004897695
H079	H079	0.255444106259814	0.426386917618227	0.0917608608081602	0.248650786476872	0.839897935546164	0.146794775396302	0.928045871907895	0.0970851575008669
H080	H080	0.515223110018177	-0.32385444082944	0.12674399444113	-0.145669884455406	0.321855830706271	-1.078570091867	0.274659359290531	-0.880108255026035
H081	H081	-1.11667422466724	-0.389300426323481	-0.338980824799842	-0.250593663143995	-1.97583969975309	1.06704239741937	-2.09767359397594	1.05834785684787
H082	H082	0.20972684219231	0.786899641058398	0.0888717820689699	0.44123107511212	1.19653755814828	0.62791274706756	1.31285045407377	0.508631301470405
H083	H083	-0.954749453142667	-0.0363088915505361	-0.274781393758249	-0.0507382619440411	-1.34525646185669	1.25673905463554	-1.38733861238522	1.17444737172378
H084	H084	0.470610472982739	0.742539229366335	0.160971625317352	0.413032169304926	1.50016052399711	0.221205286931011	1.58822811116808	0.116646595571035
H086	H086	-0.454638184661233	-0.606780574533528	-0.156429161628029	-0.365987919513318	-1.32723792559535	-0.0869386155848466	-1.49140361260884	-0.0250960892213747
H087	H087	0.390735242705053	0.0100276624151286	0.111084476626626	0.003666565285008	0.540315637606323	-0.52115640138819	0.510951655555918	-0.498870112262383
H088	H088	-0.130182069238142	-0.45420320566892	-0.058205948838022	-0.274336732680069	-0.708246312731792	-0.351371731148135	-0.847326090396649	-0.290181089908854
H089	H089	0.389614164655449	0.283148478679184	0.126808935764793	0.179416286877477	0.856127776661112	-0.202291806163095	0.947101930967371	-0.208266785837955
H090	H090	1.1587631019969	0.124830065666167	0.335556577157155	0.0976546058453962	1.71929219231451	-1.43335572769059	1.74414610515396	-1.34340877118357
H091	H091	-0.285135161188623	1.70808647137067	-0.0223159466771099	0.948768350021954	1.59316035483921	2.37193912212992	1.84764332612691	2.07258737345255
H092	H092	-0.744443206218454	-0.770698780071169	-0.253962056874081	-0.45698758584762	-1.91223266197671	0.117143846138301	-2.130939244017	0.238141163588658
H093	H093	0.649001985610123	0.00266758861546899	0.187195778944145	0.0227814216169667	0.883366586471733	-0.881310651521969	0.902719557975371	-0.81159498370601
H094	H094	-0.408368906299012	1.16779724704681	-0.078256984924499	0.645105494131798	0.797630119901108	1.91194806377724	0.960898211953336	1.70363733054545
H096	H096	0.359973999641427	0.134713836830014	0.109106302240401	0.0878801812487097	0.643310031306557	-0.334405710587129	0.675915059130287	-0.315596556081213
H097	H097	0.554934988613206	-1.03025587461593	0.124746199784988	-0.56139915806723	-0.44484667741925	-1.95339956661599	-0.594140505100846	-1.7304163599013
H098	H098	1.02908095546155	0.83357773707154	0.329083076239779	0.507004875729732	2.3662358727069	-0.433315250415775	2.56055134110476	-0.4670842528263
H099	H099	0.231347093727573	-0.802413903376188	0.036733116371714	-0.441635021036491	-0.620648057364342	-1.24814019728599	-0.753846782846185	-1.07546595221257
H100	H100	-0.231902726485984	0.514010401091355	-0.0533348912332142	0.273881580389396	0.27823674680174	0.912074959930434	0.308703191336723	0.820761262824907
H101	H101	-0.500744805432838	0.400334478443165	-0.131551211755491	0.205710733904525	-0.219842803076891	1.14599499117738	-0.194234063630255	1.04180101164412
H102	H102	0.310481953234858	0.38337356981171	0.106012445155175	0.226826879540524	0.864848991587882	0.0218895251276174	0.948880121109389	-0.0139944862788321
H103	H103	0.204675910208915	-0.470262265283095	0.0512449992323029	-0.257262365969283	-0.271031900749992	-0.825904102452659	-0.305479748508241	-0.761422156331143
H104	H104	0.555201422932107	-0.494491337329495	0.137486772389764	-0.270570384326302	0.178019468989979	-1.33125886397136	0.0661354869162981	-1.18806820595343
H105	H105	0.578237504672511	0.267730150170626	0.190918037895054	0.168517207318661	1.09500380197545	-0.476996863184797	1.22126688743765	-0.527501203894255
H106	H106	-0.333349128218065	-0.815822898182994	-0.125710514613437	-0.4629662873209	-1.40500155629888	-0.494946450838904	-1.54974702989749	-0.367773950747345
H107	H107	-0.504088978280947	0.591433507069754	-0.0987171546240283	0.305548118779284	-0.00235807231701202	1.3725851905961	0.164145256698108	1.09626546937791
H108	H108	-0.0907840479496374	-0.420869009290314	-0.0375320451331042	-0.246125912428783	-0.615879196431888	-0.36627701503698	-0.693318214683758	-0.327532648658082
H109	H109	0.226718765801266	0.463834893183608	0.0901743379707662	0.259316230705611	0.844302156611572	0.229411965449738	0.942755046652234	0.126479324361752
H110	H110	-0.155585381092864	0.0254064473913087	-0.0426234270591566	0.0117521363037409	-0.18557299954586	0.240469376416202	-0.183697572579572	0.229214263351689
H111	H111	-0.292664031983789	-0.359147150458329	-0.0892232474114379	-0.222700133381793	-0.819002775742397	-0.0197245007481311	-0.884112628543792	-0.0398688392510731
H112	H112	0.765046820599751	1.27276454371635	0.241043819574916	0.740708481045415	2.51707159485005	0.436429047642287	2.63630302244122	0.423566375816663
H113	H113	-0.386987226215671	0.70434085733041	-0.0916243409061035	0.389674657909122	0.288250219113262	1.34435041327522	0.370909545692558	1.23737806330887
H114	H114	0.612335022560684	-0.0694760997242147	0.157133413945557	-0.0164673519109506	0.74962486648956	-0.915216059798479	0.682439615359758	-0.753615084985755
H115	H115	0.238511422764898	-0.0880888045694238	0.0634247528738609	-0.0442821715319407	0.219077889047423	-0.427921189203634	0.191242498737332	-0.377436758497424
H116	H116	0.54555238100889	-1.07957805990807	0.121840432348791	-0.585560468068305	-0.514927415047545	-1.99793346699645	-0.657543989676762	-1.76692381065575
H117	H117	-0.619731802393651	0.216110288979859	-0.171774736394127	0.0999362589285173	-0.59588050443961	1.0939334779021	-0.599087573232794	1.00925991273989
H118	H118	0.244701177430818	0.309914626826709	0.0811097869318514	0.173650757414016	0.689943732594767	0.0260912739485257	0.723683601198241	-0.00868985545253337
H119	H119	0.22061721907018	-0.342163827181635	0.0418730400754552	-0.178733895475484	-0.100492267964611	-0.698769250104742	-0.186489598733863	-0.555684344883666
H120	H120	-0.127341133236602	-0.15003775502034	-0.0358572482527466	-0.0876554800558785	-0.350969634436117	-0.00183031502302039	-0.357916713269888	-0.00763321151028093
H121	H121	0.510874263207585	0.643710666544242	0.178218368829359	0.373161519759602	1.44014672558261	0.0515617843624208	1.58561098230084	-0.0456078776447688
H122	H122	0.888957226548993	-0.199578975487595	0.264541828721089	-0.0860031401652285	0.975050273257454	-1.44297385352765	1.03575950654437	-1.39447673790059
H123	H123	-0.206099686557726	0.935740529499579	-0.0172644207298967	0.523566287828037	0.803371972081944	1.36695401663301	0.991882262717975	1.17006895051313
H124	H124	0.44634595522056	0.199595906072103	0.134409119881565	0.136217618543319	0.836282536047725	-0.376605599812684	0.892959160812589	-0.332757515195404
H125	H125	-0.0889555635171414	0.258912822424128	-0.010072442117233	0.146374412215965	0.176446834844366	0.421070443525045	0.245292260380322	0.356909374299807
H126	H126	-0.0654597466437584	-0.0894940184852309	-0.0142686882837409	-0.0536515607040601	-0.196379122413454	-0.0157296065418092	-0.187698066800099	-0.0372401367121725
H127	H127	-0.0111444776052042	0.718132989085954	0.0195174058925734	0.402496738430805	0.815945040760543	0.84870567576691	0.911789030442688	0.749519960998086
H128	H128	-0.450996702112232	-0.444572325713481	-0.166207911108944	-0.255875989444697	-1.13381109278754	0.0965732377265034	-1.30899474221356	0.247825729145582
H129	H129	-0.374798332978054	0.618167875755428	-0.0858641231392124	0.333447989825896	0.204719932538903	1.22763237283707	0.281314886062011	1.09446633158667
H130	H130	0.49028836792037	1.0752813577377	0.186793398037536	0.62423393756372	1.91356209210861	0.581028148508904	2.14440917023809	0.433819100907258
H131	H131	0.409621884161555	0.234598970213624	0.13200411003447	0.138040970823311	0.826956603061687	-0.285939728176011	0.885598600297308	-0.317857097291487
H132	H132	-0.0173442084702998	-0.175360599274381	-0.0133083104650329	-0.0957591593895191	-0.230643110937491	-0.181001932475579	-0.270314271653005	-0.128745681424691
H133	H133	-0.816037669031313	0.654912597383268	-0.21875237222553	0.329278480618994	-0.35328672286995	1.87102622151732	-0.342318455551326	1.70085807641938
H134	H134	0.0567920918018558	-0.503220106463897	0.000492673847892218	-0.282352737565541	-0.510653562424795	-0.662869700934999	-0.592240075269107	-0.578414585271724
H136	H136	0.197151720232346	-0.108809352079879	0.0676190269247986	-0.0465526584504496	0.138695919013815	-0.395689519854951	0.205959363968161	-0.401542455363354
H137	H137	0.185093170894628	0.0275353378120759	0.0560221992304933	0.0223418008849786	0.280698032493952	-0.220854551121016	0.294733626985796	-0.205426955740799
H138	H138	0.149266728636444	0.840045431372147	0.0851590919702132	0.48449526794569	1.17597752364038	0.771972693074123	1.38512019128064	0.615266018207586
H139	H139	0.182712670210639	-0.220908276425686	0.0489003487440728	-0.121769826408909	-0.0112087552504218	-0.506279743758052	-0.0361890793878572	-0.470429200219247
H140	H140	1.09685417628393	0.807666194925642	0.352750857391073	0.497469094479256	2.42839532427654	-0.555687809042818	2.6503708511797	-0.596335764882865
H141	H141	0.215633641987023	0.0679006505751109	0.0728026202557709	0.0350078163308007	0.369175975647028	-0.215531790127614	0.398582152616644	-0.256899453331586
H142	H142	-0.0717936856873537	-0.00661923288063551	-0.0137678088166446	0.00104430402847974	-0.108710106075545	0.0891853734672228	-0.072291839426207	0.0735299071462464
H143	H143	0.704815888144252	0.104207063546533	0.206441201378063	0.0834825471285835	1.07732970865461	-0.839316869243065	1.11729270157063	-0.775159128815607
H144	H144	0.0743450379732462	0.207679606220951	0.0389559253015012	0.128025733809403	0.339235429950718	0.139226366704511	0.434260277038243	0.0920665966461437
H145	H145	0.468047266087492	0.838516866676687	0.162406922983256	0.486152838665372	1.60818715898452	0.336210987029842	1.74605364386579	0.261186889372767
H146	H146	0.0812626290067004	0.652684406265335	0.044046542003909	0.36981519664503	0.865702913185995	0.646858726514457	0.957739191596524	0.568426324274845
H147	H147	0.708774821281524	0.657005788131965	0.230687829851011	0.379796210189177	1.72501477600265	-0.202411131565222	1.84215966940481	-0.274721043809818
H148	H148	0.542687722039071	-0.0880076476741161	0.1677343050404	-0.0246277923274613	0.633275744508172	-0.841930452692586	0.714628623872425	-0.819548838079117
H149	H149	0.330083251115609	1.44413911976599	0.151932776517429	0.83123026224934	2.12403480389047	1.22770518832842	2.41105439821759	1.023137246121
H150	H150	0.076103230042758	-0.998077864154994	-0.0215987384237507	-0.560388027481802	-1.05933745279529	-1.26413369765928	-1.2693405909834	-1.05103508506307
H151	H151	-0.532376883347573	0.189631707042309	-0.122022552243851	0.0830995950292909	-0.507721503221183	0.944243685503561	-0.403643488947413	0.744193492664773
H152	H152	-0.185153357304719	-0.151730731174302	-0.0527605321871801	-0.0875897870763547	-0.431641870424879	0.0749077917722653	-0.436010014156514	0.0707317405007488
H153	H153	0.399507254712285	0.101268595957736	0.121633098374984	0.0701899232826038	0.65827039924453	-0.427085955553804	0.697313568602778	-0.410147151245681
H154	H154	0.634113918227438	0.219790363996399	0.18533659219143	0.150502075735672	1.11537246094968	-0.608767748277591	1.15818797081145	-0.538917778053777
H156	H156	-0.566181948009625	-0.120027785507888	-0.162913998376661	-0.0746775802502449	-0.913536050166428	0.630473111992387	-0.919107967777983	0.607223763447032
H157	H157	0.784010253441648	0.334250711892722	0.208665329642014	0.202669614007975	1.45243150030951	-0.679844425688322	1.37401498865808	-0.539023564624597
H158	H158	0.270391384380909	-0.262132503149635	0.076427088592869	-0.140138430412514	0.0602581320793987	-0.673543275035632	0.0532272805355679	-0.635802716713719
H159	H159	0.216082245019751	-0.578250064503534	0.0414974455014704	-0.330529692830399	-0.380974137051871	-0.966903353104442	-0.502077986743199	-0.86779619714578
H160	H160	-0.41371670200394	0.0534508147359681	-0.112158438643657	0.0186504249842686	-0.504406558869113	0.624472290916124	-0.491245831383185	0.565288064612218
H161	H161	-0.791575154674848	0.351488828466625	-0.216119498816915	0.178696624126668	-0.672530910173038	1.48517583055609	-0.641473602923852	1.37733282586393
H162	H162	0.423132211545301	0.107335651629114	0.131830124073246	0.0916842410541615	0.69748255214672	-0.452199515998356	0.788947087911503	-0.412898180625307
H163	H163	0.423591904385799	-0.945402492492677	0.0841674341171936	-0.523662924192076	-0.525065340886505	-1.67599905448831	-0.703918057677155	-1.46459336019715
H164	H164	-0.0349846054980752	0.6531184289376	0.0171341191019256	0.36512578957748	0.70794900306179	0.805621216270213	0.823491609314054	0.683282447805993
H165	H165	0.161719292173733	-0.515210506850337	0.0400702160141096	-0.289181664867488	-0.381737995570385	-0.819648497930813	-0.423192865592874	-0.77570051685543
H166	H166	0.216284095584888	-0.272489945195044	0.0480341323035582	-0.149914129930707	-0.0254374504706668	-0.611916262515462	-0.0983885961515425	-0.524610942955125
H167	H167	0.314513745949567	0.892501942586135	0.100895845656943	0.514233914144977	1.46189278111245	0.607955603908717	1.51943762799526	0.603922706534087
H168	H168	0.0912722243702166	-0.809056222438358	-0.0113434907730278	-0.443853199531701	-0.819062731733333	-1.06516090945431	-0.980933656351161	-0.857551606528987
H169	H169	-0.57561532396831	0.682390550077775	-0.122487129348808	0.367840160151567	0.00594919580286646	1.57564342659903	0.182930636162459	1.33506778349746
H170	H170	0.160877096592105	-0.291597550646939	0.0399419992884474	-0.162692698221747	-0.123069241842956	-0.558686625449832	-0.162260062607981	-0.513580928807516
H171	H171	0.376003395214501	0.512438303442062	0.133029850776085	0.303094859014623	1.10400941901012	0.0826490553699016	1.23160807068806	0.0186580283919575
H172	H172	-0.326536732275113	0.929198793785284	-0.059545247495699	0.514873238189092	0.631808965716444	1.52331537152256	0.7782311894236	1.3477728537136
H173	H173	0.313502594898719	1.10924136382213	0.13405904633052	0.625128401187626	1.71234517757669	0.861161148795907	1.90220169417136	0.679725329122745
H174	H174	-0.204392429971742	0.707174237425789	-0.0271674380965517	0.38900841173228	0.540125638479053	1.09905918785886	0.667841351490666	0.937691221517865
H175	H175	0.293837067633843	-0.315687665065985	0.0893005940143742	-0.165694652050255	0.0299513233603477	-0.767687673419147	0.0599668577871846	-0.748221415139775
H176	H176	0.385426056991868	-0.277471805551327	0.105501430564583	-0.143275738966038	0.199042862821241	-0.847973397028156	0.181297948220596	-0.776846664075578
H177	H177	0.308269157381866	0.0360331155771088	0.0950129431581073	0.0356389689733955	0.458262534504205	-0.378671961297255	0.502677443369755	-0.358384825547371
H178	H178	0.887456666793384	0.340263332230478	0.279841773504335	0.232814198046069	1.60024879674244	-0.813689626209159	1.76574900992463	-0.806104842051654
H179	H179	-0.0999690258076113	-0.226616815296019	-0.0321723454371597	-0.137123702630021	-0.402682443512427	-0.128071528473506	-0.4431423857934	-0.126966662076255
H180	H180	-0.277978237314701	-0.286886124429485	-0.0898578833434994	-0.175035734631826	-0.7150497355797	0.0442422560604879	-0.788499741468868	0.0616182927067731
H181	H181	-0.222574932142131	0.586420952983882	-0.0357933434152375	0.326718873528004	0.375069175221424	0.983509795907474	0.499131618677142	0.84882361175316
H182	H182	-0.282502807407074	-0.928128392490996	-0.104330701826649	-0.534894653964646	-1.46626718074083	-0.694655750769541	-1.59951806571559	-0.615438376327747
H183	H183	0.213629418569666	0.251488097228737	0.0750081833027165	0.153925910996897	0.579757216924845	0.000506523598588549	0.654662397217861	-0.0212340903781759
H184	H184	-0.638814820434569	1.51442793112367	-0.128782475626422	0.838651566539917	0.886651900442216	2.62842486653857	1.12723626306198	2.33764367810364
H185	H185	-0.0240345158698509	-0.449593935434186	-0.0152664598242	-0.254548779928874	-0.558382251363668	-0.490524794284743	-0.607687087966167	-0.447993698507341
H186	H186	-0.0475629132263121	0.565280766957147	0.0216824007844923	0.315786839781264	0.588766628526096	0.720686888113293	0.742528973342927	0.560220524589789
H187	H187	0.340491133557094	-0.475095972754446	0.0810617062593837	-0.261308680879378	-0.0917502451157331	-1.01641830240318	-0.175852827710239	-0.907781245512845
H188	H188	1.07692710145516	0.549587783200897	0.332968874136714	0.334941087754996	2.10140610281897	-0.828419860325011	2.22277914694816	-0.840823727212356
H189	H189	-0.419627225663479	0.55240917456444	-0.10609300470577	0.295306324727366	0.0672853166613037	1.21225726042931	0.108833764969661	1.10922548168978
H190	H190	-0.670088608947538	0.194576981276463	-0.182412154386855	0.0824667766752065	-0.689455415080386	1.13746939994297	-0.684437573250351	1.02237077044323
H191	H191	0.289726087375547	-0.729861898428489	0.0503405282330187	-0.400363875950088	-0.456873303558349	-1.24331897882033	-0.605539655239555	-1.05311020154173
H192	H192	0.225413187742233	0.0624160463729914	0.0749632130474281	0.0364082331967986	0.376117235809441	-0.23521814504858	0.411476944591304	-0.264003294446046
H193	H193	0.388179170379471	-0.0387367995971934	0.119097668975557	-0.00621875025805651	0.480176516231637	-0.574335883561371	0.5275983635687	-0.556394203244028
H194	H194	-0.451198262615537	-0.436125123585784	-0.1442891999543	-0.252859713639781	-1.1242707136801	0.106662423049724	-1.2013176076475	0.152621384211791
H195	H195	-0.247568692214955	0.354600085375061	-0.0523085400082268	0.197462175896764	0.0716907750113062	0.7481840680161	0.155449873404148	0.658007949498313
H196	H196	-1.14621659263405	0.569744869308211	-0.304726332588223	0.288407627951437	-0.901746241563513	2.22157341606033	-0.824713451023004	2.01424546768486
H197	H197	-0.998869797657177	-0.446441509792137	-0.317783998296688	-0.298331527810209	-1.88185362494393	0.840272169629214	-2.0982756737563	0.861546124117095
H198	H198	0.757966246011205	0.373884177527122	0.24338979724668	0.243675498400424	1.46302538528571	-0.598338269074448	1.61950431223138	-0.614946905909857
H199	H199	0.134775045099973	-0.0546336020841592	0.0357550783445505	-0.0328944526384696	0.116723397999543	-0.247823672382532	0.0867310849087079	-0.225835280186562
H200	H200	-0.0312956013127579	0.69373117481864	0.0252173901638171	0.389152434342783	0.760159032415231	0.847786874857735	0.910578372484931	0.695549757375583
H201	H201	0.0306387277414751	0.213168349189785	0.0178910214499867	0.116537805915964	0.286111310588035	0.205105198470343	0.313018771805175	0.165803656930233
H202	H202	-0.679187468239389	0.0437643926399373	-0.197484372303199	0.0106743269326838	-0.877071295754251	0.974627770444541	-0.902629158747223	0.943688932971133
H203	H203	-0.716239629044031	-0.466589539327023	-0.229952804522179	-0.271259248606054	-1.5204927654254	0.432091423723799	-1.63581499158278	0.511033707029016
H204	H204	-0.00935115030155374	0.632384162525374	0.0173630172952863	0.353094852822477	0.718755125543365	0.746632913191032	0.79967602268836	0.657348159775083
H205	H205	-0.298920302249727	-0.4474533715107	-0.102341871406257	-0.266721652049326	-0.930122788743769	-0.113810025577061	-1.03584424524784	-0.0701733416374437
H206	H206	0.201548181008872	-0.308277862640692	0.0546912611411348	-0.151663241878065	-0.0870807133916667	-0.633436776276801	-0.0711955478071405	-0.559036852872442
H207	H207	-0.770931857706824	0.44391830496103	-0.204474830484261	0.227631911870029	-0.537033696396805	1.5644657541907	-0.486403900519079	1.42461847459211
H208	H208	-0.97380223829605	0.377397963047927	-0.262421116228228	0.183169927168525	-0.890509874897352	1.76336230765171	-0.84651056676486	1.60086762326231
H209	H209	0.74473711873371	0.0440499722795341	0.216402463468884	0.0549785756711441	1.06178183423862	-0.9635617310651	1.10445957940783	-0.880194551397114
H210	H210	-0.906567129743752	-1.50144027698287	-0.316109457440888	-0.854519208876844	-2.98199372407842	-0.511188386905684	-3.24048895831884	-0.296166854926142
H211	H211	-0.402352267973257	0.682347015297175	-0.0912738173987584	0.362738006283583	0.241777767095648	1.3397136894092	0.316838072063486	1.18006211388613
H212	H212	-0.332403548383524	-0.122562334947227	-0.0966831151864922	-0.0921062119044025	-0.59821660222806	0.309263891231008	-0.648623695567942	0.264669272775419
H213	H213	0.373773815495823	0.314109502096404	0.124734714436913	0.203812522563557	0.870536365002999	-0.144753329095634	0.987943540848138	-0.14822600458067
H214	H214	0.311034866145799	0.496052843793105	0.106246144820104	0.287600652902043	0.99652347930868	0.152058549043072	1.07561639779283	0.110578646164748
H215	H215	1.02419163647377	0.608854910664901	0.319451371488543	0.362125315413179	2.09847471844752	-0.687763832978572	2.21642515724234	-0.722058547407917
H216	H216	0.170916605811978	0.365647959121689	0.0689963175758337	0.211593181533502	0.654250329179458	0.191297505479121	0.74607098163615	0.125820841337592
H217	H217	0.0541883375607249	0.715472744951019	0.0542209477154053	0.413024797050326	0.901797763328386	0.756671091695272	1.09416613236688	0.610678088903838
H218	H218	0.328401065694729	0.262338611606207	0.105753840712334	0.157667901575262	0.748613746649053	-0.143135637171436	0.804691493567016	-0.155789448810582
H219	H219	0.165510285765062	-0.218809644183516	0.0514495295529825	-0.118796080350609	-0.0321895699003735	-0.480422138403772	-0.0182428996380516	-0.476078457736502
H220	H220	-1.05498936253236	-0.528680123547879	-0.324320942298738	-0.324770235182085	-2.05380725329701	0.82112013447353	-2.18319310369253	0.837135211246892
H221	H221	0.32923031975508	-0.561048100970273	0.0481594853843043	-0.300167348414613	-0.206948195533898	-1.10095546110862	-0.40846916992447	-0.835851795646928
H222	H222	0.528649095540547	0.0581712700990785	0.151636549955927	0.0387256650789809	0.784008558151061	-0.652973456448695	0.771115930165932	-0.61405932334726
H223	H223	-0.281812879938237	-0.16305937969299	-0.0687445853471047	-0.0931925653574503	-0.576396219009622	0.193336685768829	-0.521569099394044	0.133122428888605
H224	H224	-0.0149945895874277	-0.359714584931926	-0.0146041051322866	-0.19455845905141	-0.441644772839302	-0.39840110493379	-0.480586828886997	-0.327024251541209
H225	H225	0.433998044377445	-0.139002512735965	0.123819158441088	-0.0695311456703115	0.426055550126988	-0.753211860881331	0.418546108764723	-0.709148971460026
H226	H226	-0.439375678050521	0.157118685001571	-0.123770699413669	0.0787817304278168	-0.418887086319613	0.779855676852194	-0.42066152457961	0.743356457899548
H227	H227	-1.11644762077263	-0.43913102188336	-0.341996314008449	-0.288853565950741	-2.03342924231556	1.00883586083353	-2.19073485952178	0.993198219305231
H228	H228	-0.0557131312291567	-0.0119081786693534	-0.0175146989938338	-0.00844872367804155	-0.0929633602184501	0.0611482028564118	-0.109260213199908	0.0712430717763458
H229	H229	-0.29415778648003	0.653530350844152	-0.0622200123779836	0.35618719825863	0.355590995879748	1.15893644543923	0.437756006897112	1.03205552546072
H230	H230	0.0312907237000115	-0.851488503990811	-0.0289649435829865	-0.472973939429425	-0.950023099382377	-1.03280445728902	-1.12269599043954	-0.836208254712851
